0 15 91 54 347 68 208 83 2 55 17 12 217 30 328 97 481 96 2 63 337 91 456 52 410 55 293 8 456 6 258 96 458
1 15 776 21 62 88 452 27 352 8 414 93 359 39 394 52 174 94 227 39 382 6 200 92 323 40 385 12 261 8 280 41 42
2 15 490 61 289 11 59 33 303 77 2 46 422 97 419 6 37 16 442 84 169 51 133 56 294 60 476 51 459 74 478 67 176
3 15 123 93 82 81 87 61 75 82 178 86 218 34 450 19 311 93 431 72 303 96 111 34 341 48 105 49 46 29 317 54 174
4 15 655 18 203 32 40 74 405 62 475 44 494 65 170 96 44 52 488 12 309 88 475 99 274 57 270 76 435 98 62 62 446
5 15 718 10 157 52 159 86 372 4 79 66 496 74 50 39 399 95 398 69 43 43 70 25 246 67 34 65 244 54 4 85 494
6 15 200 27 164 72 236 44 198 11 343 46 339 84 359 11 338 93 473 28 142 3 53 75 344 10 237 20 356 39 20 33 202
7 15 285 25 372 32 91 11 23 24 251 94 132 88 336 48 312 87 340 92 212 79 170 26 317 99 228 74 217 39 204 16 434
8 15 456 28 235 61 321 58 369 75 415 36 413 21 429 46 392 31 425 22 343 40 42 57 65 64 448 36 86 21 106 36 46
9 15 669 42 218 37 309 10 456 53 107 27 306 62 489 7 305 32 494 12 159 81 224 78 392 92 250 42 77 69 83 17 32
10 15 195 43 262 91 172 49 312 59 221 56 95 14 406 80 194 30 304 23 343 68 38 47 480 94 151 20 379 80 298 87 322
11 15 405 1 94 22 330 51 487 57 312 8 98 85 39 86 153 31 263 2 166 91 491 86 487 66 203 58 492 28 65 19 70
12 15 295 58 213 97 483 6 173 60 325 6 494 66 223 62 31 59 333 85 393 36 421 63 357 54 3 83 34 60 309 96 267
13 15 468 66 14 34 497 9 143 51 108 36 131 59 428 35 33 93 210 17 487 82 149 55 58 78 143 96 349 96 416 81 377
14 15 713 87 299 65 236 45 251 21 434 15 300 77 141 33 201 43 76 47 130 14 204 68 406 93 188 22 399 42 21 52 162
15 15 702 29 124 74 430 2 267 95 356 73 288 65 304 37 120 62 121 64 494 76 4 52 179 86 492 80 78 72 492 25 146
16 15 787 95 216 54 267 44 215 98 41 32 70 82 424 6 196 38 350 75 249 83 450 62 200 69 462 92 496 56 382 39 1
17 15 500 22 452 27 286 53 329 43 119 27 417 2 396 7 473 25 439 2 54 26 262 65 421 34 409 14 15 64 263 43 376
18 15 326 92 396 7 417 58 422 54 177 15 243 85 109 84 472 73 278 12 73 23 341 57 78 34 92 35 168 44 1 15 78
19 15 763 34 488 21 159 69 394 23 464 46 187 94 25 71 216 76 361 54 406 43 498 59 347 91 433 5 247 17 260 54 88
20 15 356 14 197 65 476 55 413 4 442 10 395 7 169 78 167 89 465 9 256 30 353 2 61 8 377 75 344 17 20 83 169
21 15 745 3 379 43 42 75 129 94 95 53 176 49 353 40 294 67 281 39 277 6 121 20 206 91 337 16 150 88 10 27 116
22 15 111 47 480 40 182 56 369 69 143 39 256 71 230 35 376 58 439 19 176 95 84 26 96 76 30 23 300 88 170 9 264
23 15 213 64 368 2 216 67 277 87 94 96 455 68 218 40 251 58 256 26 43 7 445 12 270 22 176 2 400 45 98 63 270
24 15 346 67 273 17 37 27 346 6 371 28 292 66 375 52 121 10 175 20 207 41 128 64 461 76 452 63 124 42 44 22 29
25 15 593 4 93 73 163 36 17 1 191 5 365 15 125 36 262 57 430 89 192 30 369 47 172 56 122 82 325 18 291 39 53
26 15 153 88 247 8 463 93 322 17 454 7 365 57 462 38 396 15 95 92 122 12 1 78 92 94 175 12 492 26 467 54 226
27 15 479 32 219 35 372 71 154 33 69 85 200 26 7 40 166 78 400 89 358 28 134 15 377 73 16 67 195 89 154 20 178
28 15 443 58 459 88 37 36 278 10 336 3 356 1 149 37 342 56 164 71 259 93 361 29 99 99 424 19 427 14 203 81 432
29 15 611 77 498 95 181 84 225 57 437 70 408 18 300 1 165 14 64 67 301 72 417 16 364 66 101 51 450 30 423 79 247
30 15 558 62 467 59 19 25 487 61 59 49 499 30 148 79 105 94 367 70 273 84 139 74 118 20 34 25 397 17 4 8 152
31 15 229 83 450 7 290 20 169 59 247 77 29 72 322 41 406 29 235 29 215 23 389 96 74 48 413 18 324 93 367 74 161
32 15 200 25 316 41 196 84 137 73 221 44 233 44 480 90 344 85 32 7 224 81 237 66 343 44 34 80 251 26 368 22 438
33 15 673 97 489 76 326 11 87 55 293 13 114 30 356 19 15 50 184 58 363 26 104 15 336 99 211 65 396 57 249 67 240
34 15 681 19 472 39 272 5 10 63 320 55 275 90 474 76 195 27 44 11 477 3 183 44 149 78 64 65 169 56 116 19 107
35 15 130 88 130 52 341 38 489 23 42 2 85 51 87 62 434 36 437 89 379 87 279 94 459 65 230 68 462 59 178 17 159
36 15 475 1 406 75 431 80 232 19 231 67 156 43 106 63 45 80 147 36 261 97 407 60 97 55 190 33 75 46 331 46 407
37 15 133 57 432 37 369 23 281 19 152 25 221 11 489 29 11 72 25 3 129 54 490 67 130 76 100 45 410 42 211 76 374
38 15 696 49 262 88 233 10 445 41 445 94 436 22 313 62 249 68 119 36 87 59 427 37 37 7 235 70 121 94 235 50 413
39 15 581 34 465 98 443 85 297 23 100 25 442 52 276 83 367 53 312 6 475 43 375 86 99 95 309 64 256 73 466 9 256
40 15 281 23 196 76 455 72 282 28 457 60 412 97 283 2 215 84 328 68 457 77 183 89 390 71 331 21 118 87 454 72 320
41 15 772 28 381 72 3 52 19 41 306 14 174 8 404 87 443 68 499 76 2 61 50 36 214 82 36 22 299 98 243 24 403
42 15 247 90 241 39 431 2 28 58 299 82 496 29 47 40 179 33 198 34 215 69 401 88 21 72 249 93 172 30 15 61 451
43 15 742 30 405 31 204 10 384 58 341 60 40 5 129 73 332 64 373 67 81 7 7 87 94 9 263 86 380 44 329 70 128
44 15 772 1 471 1 260 39 397 17 460 1 276 80 172 86 16 88 116 87 349 83 29 32 378 99 102 1 349 45 357 12 446
45 15 292 59 388 35 239 11 123 57 436 6 343 49 392 60 338 75 271 65 467 32 223 97 5 78 205 38 395 91 133 13 210
46 15 573 52 24 23 451 75 394 91 249 69 316 7 457 73 347 24 401 53 1 94 8 56 309 64 64 94 344 16 291 17 104
47 15 105 82 419 44 77 96 34 84 296 74 234 37 41 66 339 90 96 16 182 25 43 61 456 55 91 85 63 50 229 43 41
48 15 420 37 225 96 250 39 58 52 79 21 226 52 244 34 4 69 464 82 368 2 491 24 426 26 177 28 217 6 416 14 255
49 15 567 78 188 44 420 5 31 79 130 21 130 70 436 37 199 17 109 56 276 49 277 25 2 6 226 34 441 4 97 25 136
50 15 222 57 489 90 189 7 214 34 440 17 163 97 149 13 141 85 159 19 386 51 1 44 163 4 110 15 4 29 182 16 237
51 15 351 83 289 47 489 18 411 85 130 96 120 39 280 6 121 49 169 58 12 70 171 78 17 1 162 67 393 39 317 80 487
52 15 696 33 80 32 374 20 246 10 219 45 334 5 414 44 257 44 321 20 250 30 222 72 462 49 174 10 312 96 411 30 383
53 15 731 76 480 41 151 41 353 71 334 84 5 9 179 4 154 91 278 61 49 96 272 92 157 60 446 36 259 95 238 28 230
54 15 500 51 12 43 397 30 228 80 125 80 486 60 54 99 184 31 205 93 181 42 187 55 2 34 4 26 264 62 205 94 437
55 15 82 30 339 99 462 56 316 80 132 20 211 46 203 31 231 34 242 86 318 14 21 90 37 36 24 94 192 61 442 90 122
56 15 418 37 230 5 16 93 445 20 308 73 470 47 319 17 334 41 404 80 233 54 369 8 131 98 167 77 289 41 425 41 374
57 15 404 6 407 47 81 10 11 48 73 42 431 30 316 67 188 26 118 98 283 1 234 97 18 45 197 62 149 37 134 62 282
58 15 264 2 382 88 164 77 139 54 113 19 454 52 11 84 271 2 326 13 95 64 327 72 284 23 492 17 414 94 236 7 232
59 15 776 42 237 13 358 96 175 59 368 85 461 50 106 17 7 93 340 7 265 15 101 94 101 50 57 19 64 81 323 90 398
60 15 135 84 447 15 2 75 150 27 7 42 372 92 258 20 57 20 478 52 94 50 22 4 62 42 71 45 265 13 186 25 342
61 15 59 2 439 57 186 2 248 99 341 50 199 89 271 76 94 49 57 19 124 36 346 49 269 77 244 61 402 18 32 57 90
62 15 144 5 375 10 366 7 195 33 154 60 330 27 280 58 224 28 4 29 329 57 289 39 35 71 92 10 461 79 26 40 13
63 15 265 13 144 27 117 96 141 2 460 30 53 35 247 28 374 47 81 41 323 92 253 27 120 21 276 11 240 71 404 97 408
64 15 271 2 456 82 148 1 275 74 376 46 62 37 400 27 310 83 112 82 330 38 294 52 145 16 402 88 154 70 270 81 268
65 15 531 54 293 9 136 25 384 38 5 95 134 9 31 15 8 20 227 35 174 59 412 8 24 43 427 97 363 3 81 70 162
66 15 734 47 439 62 255 40 234 9 304 68 209 48 174 62 263 11 184 85 259 34 98 26 93 23 311 67 141 27 405 67 227
67 15 374 8 344 83 102 85 346 55 21 6 99 13 319 9 246 44 60 36 203 65 60 21 17 13 152 96 27 96 187 14 177
68 15 793 86 254 79 378 9 448 69 415 34 497 85 272 24 208 95 44 95 209 31 423 86 450 16 362 11 189 26 185 7 417
69 15 182 26 244 75 402 90 264 21 112 26 51 76 327 31 486 53 421 23 64 95 91 11 177 91 74 1 266 52 94 86 154
70 15 508 30 473 1 55 65 373 56 78 8 59 26 153 74 395 7 465 44 285 52 442 36 279 91 117 85 490 1 93 80 384
71 15 193 96 124 98 268 31 320 10 29 45 185 93 86 76 178 84 353 14 29 4 100 67 429 97 45 86 276 19 247 23 219
72 15 342 74 489 66 484 11 389 36 494 70 102 42 114 82 481 34 159 81 165 65 116 98 188 68 249 54 76 61 114 30 92
73 15 323 57 291 16 27 29 427 5 118 29 231 37 70 69 151 79 386 50 57 14 455 88 163 69 9 95 436 72 231 63 393
74 15 598 5 199 28 389 79 440 48 459 70 61 67 393 15 446 57 281 12 226 81 273 66 410 3 171 44 8 25 55 20 119
75 15 702 19 211 65 420 20 479 81 28 79 230 85 287 25 185 11 189 11 441 59 315 25 340 29 496 74 202 33 40 66 460
76 15 690 86 154 93 78 33 209 88 282 92 217 96 141 11 244 13 338 46 95 7 176 90 341 5 296 82 30 32 143 9 32
77 15 261 41 206 17 366 7 146 44 268 72 461 87 176 65 31 85 200 25 60 48 80 93 99 69 404 30 264 97 464 81 124
78 15 776 26 41 88 414 57 328 82 226 64 198 76 198 96 222 18 193 74 491 3 387 65 172 44 171 87 150 7 487 48 164
79 15 743 49 191 92 443 80 16 26 416 73 426 66 369 9 222 4 213 50 35 71 373 15 123 82 291 21 121 41 210 12 169
80 15 389 58 365 70 470 41 326 59 12 27 140 29 127 79 354 97 206 52 199 89 187 23 204 86 128 27 313 75 265 96 185
81 15 52 23 424 91 73 12 334 97 457 14 431 44 405 77 308 76 56 88 333 95 26 58 323 88 306 5 363 99 44 65 329
82 15 774 67 397 82 145 46 210 57 329 8 101 60 64 49 425 35 221 80 79 31 468 96 292 59 341 20 371 72 401 73 185
83 15 72 82 406 96 301 6 261 69 50 8 242 13 138 38 404 70 419 73 278 56 475 52 259 44 185 94 119 92 34 80 477
84 15 412 64 485 49 186 59 168 4 22 99 450 65 323 30 193 47 199 21 417 74 409 20 127 85 89 11 343 63 151 63 487
85 15 59 8 479 45 290 49 473 80 322 88 345 98 170 17 69 93 376 59 95 30 408 93 140 97 71 37 152 8 297 26 438
86 15 227 24 206 40 354 2 123 68 290 45 84 80 131 42 153 32 143 92 303 69 145 58 19 32 379 94 443 28 341 63 295
87 15 784 5 62 69 142 95 368 27 254 58 71 37 60 9 456 68 170 94 354 9 474 28 47 35 244 61 47 95 334 52 163
88 15 142 35 206 40 352 75 190 15 90 38 446 22 158 62 63 98 483 16 276 6 177 63 24 62 473 35 19 11 472 9 48
89 15 462 6 103 65 489 59 242 80 388 30 207 30 72 38 283 25 69 60 142 74 456 35 449 98 47 69 454 22 25 28 424
90 15 62 26 165 21 369 27 194 63 8 31 53 44 490 35 423 57 186 46 291 75 40 57 177 31 255 65 262 43 251 76 43
91 15 617 68 381 24 4 86 28 53 316 91 183 7 310 37 141 60 353 85 56 36 265 21 382 1 494 26 10 33 188 7 90
92 15 676 70 160 90 337 29 200 63 482 48 404 42 226 16 27 36 143 28 28 44 465 58 297 65 408 56 457 97 121 22 34
93 15 246 30 349 80 433 75 477 16 355 77 485 74 165 57 127 71 178 27 26 79 385 86 404 66 417 23 166 41 454 12 444
94 15 736 88 43 71 465 15 18 20 123 85 387 24 396 89 241 31 239 25 327 85 195 5 484 61 330 2 227 68 168 39 366
95 15 457 20 54 44 122 70 76 14 369 51 404 10 120 23 498 30 304 73 164 8 473 44 439 57 176 96 262 64 439 24 481
96 15 630 42 368 51 384 18 213 19 79 99 147 72 492 34 81 66 480 18 399 55 239 93 380 87 406 31 1 86 72 48 4
97 15 447 67 52 16 345 18 341 40 171 46 107 41 187 77 172 82 99 24 237 33 497 24 117 68 185 38 110 48 201 38 40
98 15 342 42 86 20 347 30 454 85 321 77 308 31 199 58 133 70 305 14 243 54 361 28 223 62 26 5 207 63 256 88 298
99 15 181 19 469 59 312 93 57 35 244 39 163 26 366 80 133 58 345 45 131 87 72 93 161 46 463 90 338 73 155 4 433
100 15 329 17 244 73 434 77 300 37 327 96 464 14 77 21 289 28 394 79 168 25 77 67 392 92 43 56 322 17 277 6 293
101 15 787 12 123 92 116 74 461 57 316 28 148 68 83 58 76 18 89 78 95 57 341 22 371 46 387 94 434 96 366 56 342
102 15 388 46 131 32 107 73 195 56 393 37 162 28 227 2 8 30 176 10 444 52 18 40 446 35 181 52 209 88 378 32 261
103 15 765 6 311 34 294 27 232 76 210 61 335 80 454 79 43 2 413 52 318 15 289 13 394 73 449 31 157 41 37 26 152
104 15 143 67 290 36 230 80 1 93 395 48 42 42 32 5 281 62 470 66 202 89 201 33 285 52 235 86 496 58 151 19 385
105 15 427 28 169 17 123 48 274 81 297 75 15 8 408 26 313 71 236 57 139 29 169 95 49 55 205 42 200 39 370 7 357
106 15 668 44 433 24 129 19 362 17 86 42 313 92 411 19 428 1 381 71 420 89 460 98 499 16 151 4 73 98 358 11 213
107 15 703 22 10 31 232 87 130 43 162 61 370 33 417 51 248 49 128 95 444 83 429 47 70 97 77 80 270 79 438 12 176
108 15 423 99 61 66 389 35 94 44 259 49 440 71 310 79 252 80 259 40 32 50 229 8 128 20 424 44 381 85 10 99 204
109 15 378 94 119 86 328 11 329 76 242 59 474 23 262 62 211 95 480 82 49 53 29 83 379 53 368 48 161 32 339 79 227
110 15 468 53 307 23 332 14 162 22 425 3 68 33 58 87 330 49 395 88 17 97 485 73 19 82 296 84 312 11 322 41 11
111 15 624 65 302 9 214 13 277 37 367 92 451 86 476 74 200 22 270 94 484 9 310 93 434 13 166 45 492 23 171 3 408
112 15 756 92 179 52 376 93 133 69 102 56 113 42 20 74 181 42 400 93 257 59 108 99 249 62 325 21 142 78 413 59 240
113 15 605 5 315 65 222 70 454 16 280 27 337 97 167 63 351 71 159 26 55 50 388 62 65 18 192 77 218 69 458 51 60
114 15 485 62 103 97 230 84 15 50 362 72 477 61 59 56 428 29 138 43 132 51 337 56 24 20 75 93 272 82 91 32 229
115 15 227 85 56 25 278 81 202 76 303 58 13 48 477 2 49 81 31 21 201 35 106 18 402 25 213 76 412 33 45 24 28
116 15 553 52 310 92 54 70 33 27 442 80 4 6 471 8 254 91 25 4 173 42 220 15 382 92 172 84 134 86 231 77 486
117 15 260 90 272 68 288 63 208 28 267 71 141 52 232 18 112 64 338 79 365 80 137 59 215 3 155 32 73 70 291 83 240
118 15 125 5 274 57 186 73 18 14 64 5 463 21 125 5 185 17 436 42 290 53 445 47 441 22 61 32 378 66 347 18 487
119 15 497 95 94 15 15 57 378 93 377 74 355 53 98 62 281 5 313 93 195 46 452 55 25 63 259 54 24 66 212 50 108
120 15 197 76 64 97 244 78 453 23 171 82 53 95 299 59 208 58 302 60 427 53 453 84 366 8 324 65 120 89 382 91 220
121 15 306 28 57 88 226 93 5 24 32 40 305 34 492 67 222 99 417 26 73 53 28 21 310 5 176 55 28 80 303 61 283
122 15 657 8 228 3 184 46 9 34 420 8 435 76 475 25 251 32 485 98 256 61 134 19 331 55 96 33 312 83 393 28 344
123 15 476 96 372 99 51 58 165 29 237 84 205 77 98 74 451 9 309 29 481 48 462 50 329 95 38 34 151 98 398 32 372
124 15 386 51 45 97 166 74 439 57 443 92 308 45 152 51 63 68 42 28 111 15 231 89 376 87 153 67 46 74 101 69 296
125 15 651 97 330 9 93 43 191 79 49 71 291 11 270 29 109 11 91 23 408 63 67 92 139 45 10 8 315 99 259 6 496
126 15 698 75 390 64 5 62 234 76 215 89 175 74 257 1 78 7 291 55 474 82 480 39 161 66 393 51 400 80 208 39 300
127 15 191 2 224 98 272 40 258 37 447 72 99 24 160 21 182 69 111 11 349 8 150 64 179 24 343 48 227 48 411 11 395
128 15 325 63 365 44 313 38 44 48 428 43 312 50 80 45 323 92 385 99 57 58 268 85 247 60 63 66 340 56 136 99 161
129 15 732 59 163 53 444 34 122 16 23 11 204 12 288 40 425 85 150 22 455 89 417 7 246 45 411 61 230 20 224 57 174
130 15 53 87 151 8 269 98 401 73 375 56 329 58 114 94 119 25 480 87 498 29 3 7 62 70 143 12 205 10 290 96 9
131 15 365 65 192 7 68 73 59 11 241 12 291 46 265 19 171 19 246 23 127 60 416 13 236 19 495 71 106 71 374 69 161
132 15 497 46 170 72 160 65 413 78 22 19 129 34 101 56 422 35 2 82 283 3 91 51 358 74 241 29 151 81 270 66 397
133 15 125 10 165 86 310 14 169 94 152 88 238 53 217 73 348 64 52 17 201 2 487 10 348 97 162 86 278 53 185 74 432
134 15 552 6 320 15 420 75 125 2 255 71 123 74 16 77 321 22 456 26 21 35 40 4 253 67 103 90 110 94 339 3 359
135 15 472 79 345 8 482 32 448 65 467 93 227 74 306 16 370 72 91 74 486 31 287 43 187 43 187 10 469 8 58 56 325
136 15 501 44 319 25 268 92 54 76 365 34 3 17 404 89 499 37 154 87 348 74 386 53 306 11 491 30 295 30 389 58 189
137 15 382 88 219 51 60 18 54 83 40 99 212 99 205 28 223 27 406 72 43 19 279 17 414 16 98 86 288 66 349 28 382
138 15 779 48 245 48 275 95 191 59 190 7 282 27 279 5 150 66 459 11 346 39 317 41 60 53 54 87 63 44 249 19 216
139 15 114 58 78 80 375 42 218 55 103 72 438 3 72 90 419 56 179 59 61 55 342 22 319 77 245 38 10 12 90 33 74
140 15 506 30 454 92 152 50 88 85 446 46 363 43 197 94 292 72 224 52 192 45 226 11 330 30 83 7 174 52 473 60 357
141 15 115 3 13 21 15 81 108 38 22 84 438 80 245 12 295 97 292 20 120 40 488 51 207 53 244 62 358 80 462 43 445
142 15 227 18 39 98 374 46 9 95 454 17 139 35 27 16 179 4 498 9 411 47 407 41 42 84 272 2 415 28 139 72 149
143 15 515 88 475 80 306 31 156 86 114 73 88 20 283 41 146 12 384 96 325 25 238 43 260 39 440 39 110 74 415 61 245
144 15 128 38 418 55 337 51 55 20 123 80 489 59 124 57 49 6 212 70 274 55 244 2 237 46 122 97 443 62 268 89 338
145 15 107 19 169 79 204 73 339 26 217 35 343 33 117 28 113 34 407 40 254 17 439 31 308 96 31 51 260 48 386 66 161
146 15 498 68 98 16 274 66 320 49 355 74 54 53 56 31 8 91 215 39 367 59 241 96 339 17 60 57 214 32 230 69 434
147 15 351 22 394 31 93 18 351 5 203 93 331 23 159 50 60 21 152 91 217 83 240 39 468 46 192 75 35 65 303 7 131
148 15 133 55 79 16 123 14 74 52 497 5 382 21 443 9 100 6 313 71 227 99 297 84 440 75 62 40 338 23 479 23 265
149 15 713 19 325 94 85 90 93 46 67 42 235 72 49 90 344 12 451 64 40 96 9 78 424 88 168 28 331 4 428 14 288
150 15 779 73 347 34 158 34 216 58 254 64 299 79 496 19 19 94 486 99 312 76 370 15 237 13 163 78 195 72 451 43 499
151 15 445 29 19 35 245 80 67 95 232 54 80 9 191 50 170 32 264 53 76 72 2 80 136 11 142 47 206 87 419 59 448
152 15 554 33 382 83 147 24 242 64 176 28 167 3 403 85 305 80 420 9 161 85 194 39 347 63 174 59 450 45 105 62 194
153 15 439 43 136 99 322 18 493 72 4 95 158 83 208 75 243 66 77 90 32 57 133 11 12 24 364 18 143 43 170 80 67
154 15 318 84 43 85 424 74 27 67 262 1 218 52 417 20 72 86 1 65 208 94 155 83 231 39 111 76 343 89 424 64 407
155 15 116 85 209 17 65 54 232 97 190 17 143 89 264 26 183 62 314 8 236 57 180 61 74 94 294 60 215 85 260 53 61
156 15 567 74 349 1 115 45 93 77 321 58 399 83 308 7 358 19 150 95 356 83 190 52 414 61 445 7 362 32 397 20 462
157 15 507 33 386 58 110 87 150 86 180 50 372 8 150 28 199 23 154 40 76 13 364 75 157 49 101 86 489 71 289 50 78
158 15 394 64 423 15 468 46 126 22 62 74 447 39 85 5 161 21 424 47 68 72 66 97 93 26 138 42 111 26 387 60 405
159 15 456 81 222 28 269 77 82 59 485 47 13 3 491 88 438 6 192 65 351 30 117 69 96 39 328 55 495 3 157 87 105
160 15 289 41 475 87 265 69 493 93 364 73 93 99 242 5 1 6 407 71 138 10 3 32 403 18 225 15 270 93 415 26 222
161 15 246 1 9 96 452 16 292 94 71 86 250 32 158 31 87 53 339 76 387 92 259 4 276 15 478 89 140 65 295 7 269
162 15 335 51 210 83 288 7 63 62 96 64 369 10 194 36 289 96 244 80 431 87 267 56 383 34 61 5 478 62 10 37 299
163 15 631 61 473 4 281 58 318 34 108 9 272 75 202 89 132 64 277 47 433 36 183 99 275 79 310 39 313 21 292 14 115
164 15 393 32 288 74 121 11 461 83 141 69 362 35 261 89 126 14 90 11 496 69 29 47 332 87 222 92 147 68 162 67 469
165 15 166 10 39 29 397 87 495 22 199 63 283 71 133 81 188 16 196 78 433 63 386 35 58 25 48 32 57 79 482 75 66
166 15 455 54 217 91 160 5 53 12 79 33 407 15 463 25 79 23 63 18 397 89 356 65 250 77 104 56 448 69 20 70 169
167 15 357 54 405 15 199 70 493 65 277 89 55 37 469 84 181 11 135 60 31 1 8 48 111 73 241 59 144 80 105 23 287
168 15 543 7 344 11 431 72 454 46 448 29 138 19 354 73 154 12 275 68 432 79 211 26 338 11 61 57 434 63 240 76 287
169 15 571 31 465 12 463 41 494 91 486 97 332 15 430 41 235 96 196 16 52 19 400 9 205 95 106 97 213 46 211 93 294
170 15 608 43 107 87 337 13 251 79 82 55 336 52 55 56 222 70 437 15 57 34 410 82 118 65 40 95 340 12 260 60 26
171 15 252 25 302 15 239 36 484 27 443 51 189 95 455 3 122 6 232 9 205 5 35 38 317 30 478 48 286 8 369 75 481
172 15 186 78 65 29 329 45 270 53 155 70 369 34 160 21 495 6 335 81 403 10 211 81 257 58 286 1 475 62 389 23 434
173 15 717 41 9 74 260 26 400 39 462 64 145 55 160 22 354 6 172 17 194 72 489 32 426 19 378 40 197 3 314 53 23
174 15 671 33 35 1 341 45 320 50 300 76 377 50 395 37 448 26 208 84 268 29 387 19 442 18 479 89 465 73 78 6 89
175 15 590 3 125 91 37 42 434 84 107 78 305 90 446 59 376 86 154 29 43 6 106 87 77 2 321 6 429 68 315 1 273
176 15 440 50 219 26 478 77 298 29 346 25 331 78 229 75 319 70 145 9 359 54 346 89 477 15 207 5 173 11 326 80 26
177 15 524 10 108 71 382 14 6 90 165 57 264 65 172 96 282 72 398 51 63 24 278 57 202 5 80 70 397 96 236 89 202
178 15 271 94 210 72 149 68 241 96 87 67 426 43 19 5 443 51 52 88 111 59 32 31 475 88 13 22 42 48 345 2 119
179 15 144 91 189 67 65 9 21 52 463 34 44 61 197 60 305 22 1 50 370 29 374 96 173 4 468 24 28 42 247 40 142
180 15 577 37 446 61 379 4 71 88 290 94 106 94 160 23 269 51 499 34 86 94 456 17 389 75 317 99 245 13 68 9 91
181 15 211 81 337 81 395 88 312 79 314 3 206 36 79 67 477 70 364 57 202 99 19 80 462 99 273 31 472 96 198 74 383
182 15 745 37 145 18 332 54 191 96 212 62 183 60 6 96 63 39 403 60 129 30 1 43 211 73 183 5 442 48 180 12 323
183 15 451 54 277 23 398 76 96 95 204 2 284 13 282 8 361 89 96 58 259 39 234 76 486 17 286 36 205 69 32 24 122
184 15 479 39 287 40 270 41 23 43 69 55 217 16 220 31 21 9 239 11 160 29 145 96 288 39 484 68 244 80 177 8 404
185 15 199 67 188 7 167 34 305 98 414 64 345 40 373 77 322 15 234 97 126 34 481 60 31 88 335 1 388 62 14 4 214
186 15 647 71 83 85 457 83 281 73 240 43 188 30 148 25 289 91 466 18 36 12 194 2 446 37 193 38 304 92 155 19 263
187 15 727 65 330 98 90 33 234 68 303 15 223 19 422 11 437 43 205 67 287 10 56 56 440 58 440 93 374 43 393 78 494
188 15 146 95 114 48 481 39 263 27 305 34 292 23 470 26 150 17 362 81 77 59 389 62 79 75 180 10 42 44 116 86 248
189 15 73 62 87 13 39 38 263 56 369 28 387 46 312 31 208 81 417 5 396 31 196 92 294 36 296 24 396 96 496 5 10
190 15 695 86 240 59 140 46 315 32 174 77 218 90 68 97 424 95 450 68 325 87 334 19 482 35 134 91 409 21 412 10 112
191 15 555 1 310 61 215 24 215 17 426 48 210 64 136 60 53 27 390 66 170 9 109 18 219 63 163 32 123 96 248 55 346
192 15 175 10 438 47 159 28 84 62 332 48 407 91 313 64 206 36 138 41 361 5 148 47 140 31 83 52 433 49 117 24 132
193 15 309 8 120 47 76 3 485 73 430 14 50 32 478 79 212 77 402 79 72 33 303 51 473 91 30 91 70 55 81 66 261
194 15 207 83 344 63 52 48 346 51 77 44 28 24 429 78 134 22 430 54 120 16 277 3 219 46 144 82 208 82 133 90 364
195 15 490 91 54 71 184 4 159 47 10 84 6 62 18 80 312 25 359 67 68 15 275 97 340 77 371 63 221 94 337 65 413
196 15 539 47 155 62 222 10 333 79 416 29 497 91 482 41 293 94 141 81 48 18 459 23 177 88 8 25 246 10 290 51 468
197 15 156 1 476 60 64 28 203 51 394 3 146 35 12 39 298 14 99 4 240 49 335 4 271 27 221 84 432 98 301 40 205
198 15 519 65 253 14 286 74 205 64 157 79 404 12 309 51 358 35 132 47 210 12 113 47 496 15 288 39 234 67 96 97 182
199 15 524 91 198 51 373 40 2 11 98 15 370 28 337 50 102 76 114 8 146 68 100 92 81 73 247 35 470 16 37 9 27
200 15 423 21 16 2 473 52 400 48 29 91 480 37 92 97 389 22 236 90 330 95 301 33 267 5 489 94 89 79 36 13 95
201 15 323 98 416 15 488 19 61 63 385 10 32 77 90 29 443 5 14 55 430 82 6 21 433 15 92 94 141 90 194 70 315
202 15 219 41 165 84 369 12 116 92 367 65 14 9 345 91 12 38 202 51 445 40 24 46 457 12 400 12 277 15 307 88 300
203 15 451 87 178 79 195 42 199 66 179 11 318 58 90 65 303 67 407 26 234 5 136 11 318 13 485 88 75 93 308 9 84
204 15 603 56 247 16 222 43 103 15 285 16 304 53 62 78 207 31 280 33 459 39 398 68 95 56 473 67 150 34 449 80 422
205 15 705 85 459 66 175 96 444 7 281 12 452 14 151 45 439 57 349 49 423 88 335 5 363 16 471 46 251 30 319 44 186
206 15 439 46 21 18 329 82 222 92 328 83 339 53 248 92 325 18 108 95 98 30 125 32 93 11 13 35 391 68 407 86 347
207 15 316 12 25 23 292 23 3 91 114 94 101 18 22 56 152 6 164 82 312 34 100 18 469 85 169 70 270 74 310 11 32
208 15 386 42 95 41 346 45 200 2 388 78 244 36 49 86 151 11 373 93 6 71 413 32 242 29 274 49 328 39 5 34 312
209 15 229 67 240 4 479 75 37 45 129 58 234 40 111 97 445 68 7 27 98 20 364 30 130 88 374 28 185 95 435 98 488
210 15 454 37 274 63 442 2 479 48 134 85 199 98 296 43 436 46 47 89 360 19 272 1 93 86 442 79 438 21 343 75 356
211 15 323 66 151 30 2 70 214 11 200 71 435 38 421 28 11 19 31 32 484 45 156 96 256 95 291 27 205 62 299 64 274
212 15 522 72 366 53 478 21 350 78 181 89 489 92 378 1 14 25 275 13 56 59 20 60 34 69 253 93 437 79 499 7 274
213 15 181 65 244 55 43 58 205 5 127 53 36 88 56 25 40 94 418 94 168 79 270 47 174 93 325 39 108 11 363 69 312
214 15 633 44 475 63 401 91 89 91 338 74 463 83 374 36 235 78 180 51 254 17 213 96 7 33 163 19 259 4 357 78 454
215 15 441 44 6 73 105 32 72 2 162 47 34 71 384 36 372 61 370 22 202 88 499 93 298 68 68 38 489 19 25 62 172
216 15 551 83 450 43 77 63 227 45 486 3 174 39 254 90 148 75 163 81 322 42 145 42 470 32 223 2 451 36 62 17 247
217 15 349 67 47 36 10 42 434 40 152 61 268 88 334 85 1 2 353 40 112 48 145 17 81 5 254 96 6 10 255 44 235
218 15 634 71 164 74 193 82 59 68 360 55 303 33 213 75 400 25 85 20 469 5 389 68 304 16 198 46 320 82 438 61 28
219 15 665 38 121 15 492 81 369 47 103 73 114 82 5 70 176 70 224 24 214 5 213 58 115 44 221 94 407 68 69 36 205
220 15 744 78 13 76 403 8 270 47 172 20 65 14 421 12 390 34 163 45 377 33 380 94 244 50 172 22 345 68 369 41 83
221 15 167 10 239 35 45 71 262 28 263 17 229 78 372 68 99 83 125 42 475 90 254 47 204 84 229 84 478 95 109 69 260
222 15 671 8 192 44 96 28 429 41 275 66 251 12 22 63 138 15 60 17 388 67 465 24 38 50 333 55 268 91 450 76 355
223 15 174 23 442 30 279 96 105 93 32 73 121 27 184 48 425 65 33 69 495 75 262 39 24 9 35 14 23 2 325 89 294
224 15 253 61 210 18 170 43 299 53 280 86 384 25 216 88 162 93 170 71 491 73 170 52 376 53 335 16 21 8 367 4 132
225 15 386 43 347 23 385 30 71 24 496 84 229 64 456 8 421 26 21 72 200 20 355 88 173 58 489 84 70 80 445 12 487
226 15 343 22 141 23 86 53 249 49 44 23 411 98 190 55 67 42 335 49 482 58 371 9 355 12 217 33 413 88 254 74 158
227 15 82 15 279 81 488 86 263 94 345 67 166 1 365 99 34 32 311 7 155 41 414 75 184 54 45 84 35 16 256 69 365
228 15 633 70 119 5 39 21 292 26 336 89 334 63 27 90 35 38 222 18 471 23 455 4 469 71 206 10 347 23 498 16 63
229 15 360 66 445 95 437 8 372 15 39 55 255 27 474 48 200 26 364 31 140 36 243 66 406 27 49 92 135 9 125 96 127
230 15 456 55 280 43 388 83 481 97 162 3 256 35 91 43 414 19 178 9 350 10 252 53 389 86 305 62 399 56 373 34 399
231 15 199 74 454 8 7 13 51 84 41 62 254 97 203 53 203 80 79 39 380 77 277 7 284 2 321 17 265 73 115 68 310
232 15 394 4 194 40 236 74 223 13 162 43 110 94 83 15 484 88 445 95 463 48 369 58 442 34 498 34 149 35 199 16 322
233 15 105 77 231 1 480 48 447 22 262 25 119 33 206 53 172 49 379 5 262 89 428 4 178 64 356 42 55 35 396 20 406
234 15 527 36 401 42 308 66 119 21 116 97 193 96 468 67 142 3 103 74 408 77 150 89 448 60 56 8 248 24 188 88 115
235 15 675 84 308 70 100 53 321 78 369 32 466 86 149 81 439 7 65 63 448 73 259 71 103 82 45 3 127 39 254 24 94
236 15 630 81 323 80 137 30 260 79 158 88 310 93 434 51 486 33 7 21 449 19 342 74 80 15 6 57 358 65 186 83 191
237 15 140 9 290 92 476 93 128 92 52 37 287 95 306 83 91 10 413 90 364 95 108 95 166 36 419 44 164 65 10 90 481
238 15 586 43 474 53 234 15 341 87 455 75 335 32 134 3 498 45 330 57 3 46 114 1 367 45 179 57 42 43 197 49 279
239 15 297 38 477 54 27 26 29 14 55 27 498 16 300 24 341 77 152 72 341 88 473 97 135 23 159 77 473 62 74 48 1
240 15 776 87 439 19 77 36 227 26 34 87 216 98 381 59 497 80 244 69 83 54 205 4 99 38 23 1 458 1 143 62 171
241 15 755 28 157 55 243 44 85 96 58 50 203 19 72 53 259 72 382 78 124 73 183 34 210 70 59 63 498 45 445 68 225
242 15 245 70 461 43 455 11 162 66 203 48 148 50 113 45 111 24 62 32 284 63 408 85 436 67 325 9 261 97 343 75 476
243 15 268 88 99 59 360 41 459 73 428 67 403 70 313 74 96 38 428 46 489 50 217 66 483 12 475 64 491 70 363 37 432
244 15 730 48 256 2 85 98 454 98 450 33 146 67 199 50 468 58 420 35 236 12 478 20 57 66 439 62 298 33 123 47 176
245 15 251 54 47 17 296 49 424 15 150 88 270 51 323 90 43 57 147 11 324 4 141 1 221 54 371 52 419 79 463 51 180
246 15 470 72 70 37 353 86 63 56 245 7 411 73 288 19 290 6 188 34 456 47 181 23 273 78 194 61 205 62 271 85 228
247 15 152 90 32 76 399 2 43 69 290 40 421 85 75 13 162 79 130 75 385 61 46 52 62 94 180 92 223 41 279 66 418
248 15 176 20 256 5 288 42 85 44 402 69 225 12 267 74 446 90 437 91 261 19 286 65 142 21 193 28 234 82 308 93 248
249 15 80 52 30 38 129 35 280 10 212 46 145 35 131 10 389 63 174 55 232 90 218 29 110 47 63 44 219 83 168 12 38
250 15 120 72 438 85 423 15 70 81 90 40 195 42 204 41 321 73 355 15 241 26 92 7 387 47 278 11 185 10 178 95 72
251 15 339 78 73 83 454 5 193 34 351 63 425 53 91 66 386 57 11 66 370 85 423 10 306 5 448 96 205 7 378 79 417
252 15 161 98 15 99 356 66 310 10 288 25 257 91 280 25 245 70 292 58 164 80 385 84 170 42 492 98 333 46 275 16 440
253 15 326 93 47 52 68 13 359 65 364 25 357 31 223 14 318 49 211 74 154 35 174 87 25 96 392 26 244 56 131 97 285
254 15 181 28 217 24 380 41 100 46 303 47 71 90 228 64 247 22 158 25 152 64 272 22 305 85 232 20 415 74 467 32 409
255 15 781 36 431 59 367 79 471 19 212 41 196 8 294 31 62 3 97 50 378 56 115 33 260 29 278 59 300 83 96 34 68
256 15 320 53 125 32 227 50 256 47 165 60 202 36 295 47 224 78 270 86 172 82 453 80 496 25 17 3 435 87 53 81 426
257 15 95 17 360 70 141 29 148 88 271 33 398 5 493 37 72 33 145 43 115 83 80 50 274 73 55 29 7 55 108 17 354
258 15 537 86 24 95 134 82 24 74 185 15 296 91 391 34 420 13 385 98 106 20 266 70 334 43 404 25 287 57 18 38 53
259 15 278 60 441 48 395 4 8 13 248 55 37 35 387 78 145 14 187 58 431 9 310 18 87 50 429 18 64 53 282 98 473
260 15 305 90 495 52 485 58 155 17 473 48 132 91 327 75 340 46 158 56 434 42 262 78 499 62 348 42 479 8 301 20 467
261 15 573 91 483 21 258 52 231 67 285 66 444 2 255 56 66 36 456 89 51 74 459 25 371 69 259 4 461 80 214 22 96
262 15 196 69 73 49 23 15 285 9 314 26 360 68 142 78 334 95 98 32 132 95 179 76 494 61 186 86 131 12 454 10 159
263 15 150 7 431 71 164 29 161 17 34 39 144 99 98 8 332 75 235 97 315 69 491 1 352 65 235 3 37 5 499 26 13
264 15 233 39 122 5 151 91 216 54 408 59 484 47 381 87 12 21 482 85 466 99 387 1 7 17 311 24 218 18 238 39 479
265 15 258 2 218 30 311 23 421 68 85 76 386 48 3 71 483 95 420 25 447 38 27 2 89 7 149 53 256 36 441 2 260
266 15 301 6 306 23 300 85 14 98 28 99 258 77 456 69 155 5 451 18 18 30 331 5 217 88 59 34 300 67 410 84 140
267 15 405 25 75 27 462 88 4 60 311 68 215 21 456 73 31 89 294 43 257 81 339 76 312 90 335 11 305 62 372 33 249
268 15 744 84 411 33 51 47 463 86 350 1 327 31 486 78 438 31 48 70 260 18 269 62 158 57 498 29 225 41 137 46 155
269 15 341 76 488 20 494 63 489 69 210 47 476 12 155 85 495 42 148 12 141 75 496 78 130 90 477 88 312 84 360 18 106
270 15 706 41 297 15 78 86 148 59 141 25 266 80 232 77 497 27 54 23 7 82 481 20 150 68 166 13 190 40 476 8 244
271 15 147 33 140 57 96 73 455 6 166 7 48 98 142 30 255 55 2 35 191 47 382 67 210 95 454 97 244 96 347 46 104
272 15 161 21 363 7 225 40 310 74 240 56 113 70 285 69 113 19 110 38 176 82 67 92 80 71 158 81 156 79 3 89 205
273 15 791 74 437 29 281 1 203 24 341 94 106 86 385 80 279 6 284 68 228 78 246 53 461 44 217 62 365 72 83 68 184
274 15 498 61 283 27 203 78 167 24 464 59 384 83 76 45 178 46 421 84 59 79 263 98 177 98 99 70 371 85 12 16 63
275 15 611 75 128 48 414 80 479 25 233 58 119 23 340 42 5 6 281 70 94 9 172 54 315 41 238 82 89 60 331 38 383
276 15 445 56 325 1 29 34 468 61 300 79 318 52 58 40 145 17 468 43 358 53 498 63 23 10 203 54 336 65 453 16 35
277 15 90 27 480 39 198 57 112 24 219 4 25 16 337 34 485 60 443 39 122 6 287 18 419 87 485 66 155 9 312 18 73
278 15 90 35 245 14 308 65 101 71 262 5 387 65 396 14 485 68 16 8 429 41 377 55 164 57 245 7 261 54 338 54 151
279 15 173 9 41 17 382 13 1 2 95 54 231 57 1 83 130 21 405 74 149 96 358 43 215 77 468 60 260 38 73 95 126
280 15 255 58 472 68 47 30 454 95 296 15 436 10 108 97 471 53 144 70 468 86 414 71 346 70 374 76 470 27 219 51 232
281 15 417 79 272 81 323 9 142 92 201 31 175 11 331 54 166 99 213 26 381 69 158 43 298 65 146 27 238 99 225 15 101
282 15 318 46 398 10 486 53 277 52 360 84 331 93 429 29 388 37 238 33 90 88 368 74 198 14 384 27 199 86 157 59 25
283 15 784 34 453 68 475 29 456 30 214 24 46 44 248 85 84 19 442 52 54 42 112 81 252 91 167 4 265 50 395 82 382
284 15 394 37 386 23 488 87 129 23 440 70 209 73 172 86 259 62 77 96 303 62 301 22 160 41 468 2 361 7 457 2 345
285 15 649 31 120 66 158 30 418 50 204 56 135 98 366 88 129 19 472 19 3 80 35 12 379 94 301 7 105 39 342 87 189
286 15 55 83 345 66 499 20 463 1 75 59 287 30 98 54 198 18 198 62 433 38 193 4 335 17 375 6 498 15 393 37 386
287 15 190 47 117 73 116 34 314 70 29 90 81 16 191 63 410 65 378 3 62 77 103 72 455 29 47 45 256 5 335 5 394
288 15 733 94 231 57 182 97 198 8 443 9 251 95 152 24 374 70 43 69 263 29 471 73 14 67 3 68 294 41 477 83 19
289 15 143 88 309 49 296 32 221 84 33 42 482 48 182 85 419 12 10 22 143 78 167 65 414 64 366 34 232 16 149 48 334
290 15 452 82 91 76 481 36 345 54 485 13 135 21 498 16 121 95 303 11 254 67 59 16 451 65 292 12 27 26 447 64 344
291 15 202 29 108 36 421 77 127 39 419 19 344 53 208 69 188 92 441 87 78 58 485 37 188 4 193 46 400 22 297 43 99
292 15 378 5 64 41 148 99 282 81 327 14 449 7 323 95 412 50 194 39 67 21 297 90 272 23 54 26 469 51 218 83 280
293 15 573 51 27 92 206 30 495 87 486 77 446 89 361 59 50 53 30 14 292 85 279 23 220 19 106 60 278 54 273 36 25
294 15 172 87 328 11 205 36 26 54 381 10 204 98 95 14 382 42 1 81 291 97 96 90 54 65 6 2 40 18 405 44 135
295 15 267 14 80 29 149 5 293 81 489 80 337 82 451 94 111 64 434 48 53 76 259 50 195 16 74 17 319 60 423 77 453
296 15 798 65 422 7 70 63 302 70 498 80 445 85 298 86 175 5 432 21 357 44 247 65 404 63 157 71 445 53 421 53 39
297 15 66 53 173 82 45 36 147 71 96 51 112 13 389 37 338 85 207 22 372 49 187 58 378 74 156 84 195 70 144 71 303
298 15 198 15 205 46 209 16 142 66 100 99 263 69 58 21 20 99 28 6 12 39 489 19 312 85 92 30 320 36 30 28 127
299 15 320 90 466 37 107 85 93 12 37 48 257 51 321 88 271 74 423 63 178 41 125 4 279 85 438 4 244 29 313 72 146
300 15 191 3 425 68 282 98 314 11 192 79 91 27 96 62 382 79 24 14 74 87 242 57 159 39 489 52 4 32 10 37 277
301 15 418 56 115 85 332 2 386 33 382 46 84 44 338 43 326 58 360 78 275 78 302 74 36 12 427 37 474 34 456 98 73
302 15 147 91 146 23 183 20 448 92 393 36 452 6 186 9 25 46 169 76 54 54 317 76 493 85 41 88 363 7 74 63 440
303 15 385 62 367 6 87 59 334 65 3 85 156 77 470 14 315 40 253 28 119 81 379 32 277 29 366 20 309 37 107 7 42
304 15 188 33 20 87 438 61 9 5 303 51 183 88 402 3 212 49 493 65 417 73 100 95 180 42 390 80 62 97 268 45 149
305 15 400 39 142 53 227 23 177 77 314 94 361 53 240 97 130 66 248 1 476 50 90 66 136 72 380 58 127 24 191 65 206
306 15 668 53 422 87 246 19 130 4 385 10 197 45 340 11 439 76 247 2 32 8 208 87 71 60 332 11 301 53 396 50 124
307 15 182 15 110 31 257 67 24 51 99 51 364 10 285 94 43 45 245 57 114 38 288 31 236 68 363 4 307 68 411 72 250
308 15 286 1 420 29 152 82 361 13 190 89 48 68 397 96 270 1 46 83 118 70 82 15 208 80 289 27 362 55 15 61 472
309 15 392 61 351 62 68 26 57 71 32 88 149 43 324 75 16 21 224 9 414 92 306 15 231 20 269 70 462 73 4 15 398
310 15 759 82 411 77 183 36 199 71 260 44 171 4 144 69 88 77 127 1 283 29 234 12 172 77 1 67 498 18 106 96 70
311 15 672 37 82 79 221 66 46 48 396 81 274 81 209 67 121 12 207 92 28 31 487 32 469 41 262 25 481 6 253 84 332
312 15 799 67 243 15 413 95 490 40 486 55 255 40 45 86 76 46 37 10 151 9 467 68 423 29 246 35 249 10 189 9 319
313 15 581 56 227 63 421 52 52 45 499 69 47 62 25 23 408 88 428 84 268 19 110 97 230 78 496 77 258 96 87 58 135
314 15 346 47 40 97 436 11 236 24 401 61 22 89 240 77 364 23 326 86 94 64 163 67 329 10 430 76 167 78 204 25 268
315 15 308 19 475 80 373 7 267 29 419 67 137 16 29 32 474 62 461 17 337 13 354 58 49 51 492 91 31 37 12 41 211
316 15 366 90 24 33 286 4 185 30 172 81 387 64 228 74 27 81 433 50 129 24 359 62 68 73 183 7 82 59 377 48 364
317 15 239 38 298 54 474 42 290 89 175 15 155 53 79 60 280 55 229 91 498 17 190 65 40 24 3 79 39 78 133 80 229
318 15 123 44 194 42 422 81 496 17 290 75 265 37 5 66 445 64 10 30 140 57 300 45 19 77 188 70 425 67 287 31 238
319 15 69 86 365 92 233 87 72 69 197 83 281 60 169 71 32 28 157 49 480 61 234 1 78 57 313 73 214 24 386 92 113
320 15 394 60 457 93 306 37 3 86 417 25 135 9 307 7 61 34 430 63 168 47 120 80 406 86 4 30 429 56 203 47 374
321 15 233 60 332 47 499 61 361 94 338 43 229 13 309 68 456 41 286 91 428 79 336 64 297 34 175 58 415 18 10 73 468
322 15 319 99 109 20 298 43 142 25 394 1 46 60 189 36 343 62 444 86 24 23 229 13 94 8 98 33 333 91 279 72 83
323 15 640 94 286 56 69 50 50 4 128 3 427 92 105 47 64 90 264 31 379 76 117 62 151 47 403 27 406 85 335 17 130
324 15 337 24 65 92 453 77 80 82 483 5 308 19 460 6 336 16 332 20 295 87 149 47 5 49 365 74 108 21 441 83 144
325 15 236 23 79 42 73 57 32 71 185 27 59 85 409 99 460 12 433 29 417 63 269 55 492 64 367 5 350 44 115 8 313
326 15 55 28 164 19 251 97 450 51 11 51 363 27 209 91 491 98 210 55 152 50 3 58 146 86 56 36 155 70 420 36 11
327 15 251 46 42 60 163 25 188 1 472 42 325 91 262 68 438 92 183 77 388 36 497 5 161 53 78 2 175 84 16 96 224
328 15 456 84 97 93 267 58 38 44 338 3 214 36 232 91 308 18 52 21 30 11 94 69 41 61 105 47 29 97 267 32 435
329 15 416 60 206 64 439 73 26 72 316 73 390 40 305 3 432 29 253 55 406 66 485 15 166 75 178 44 476 41 347 81 33
330 15 742 12 265 96 276 32 435 77 459 11 102 51 397 78 121 48 236 43 305 7 428 91 369 47 297 16 365 79 483 11 421
331 15 50 37 250 35 10 4 294 26 142 70 60 12 36 92 47 21 179 90 339 14 350 53 29 15 499 45 359 51 43 96 75
332 15 56 84 412 65 320 46 129 61 439 53 468 28 144 59 351 65 314 95 369 67 497 41 291 54 271 4 248 89 186 86 66
333 15 218 11 292 99 371 48 493 98 56 32 236 48 270 2 242 80 384 55 28 30 434 50 483 58 407 41 328 32 326 49 48
334 15 725 81 430 7 1 28 54 30 100 52 138 19 434 74 118 45 450 35 344 85 7 37 125 57 419 7 343 5 280 97 71
335 15 73 17 203 67 491 51 494 41 270 34 258 58 448 87 217 79 261 32 73 62 256 73 26 96 27 55 259 45 63 6 454
336 15 300 78 444 80 451 7 181 58 191 96 221 24 134 55 141 79 424 71 151 79 494 16 359 53 102 40 30 8 377 70 34
337 15 320 98 316 73 75 85 362 79 253 7 373 45 352 17 170 20 85 33 92 24 445 50 222 94 185 30 114 65 304 27 365
338 15 600 80 66 59 192 80 109 96 229 69 374 40 107 47 450 92 125 23 385 55 495 35 131 38 390 62 89 24 91 64 85
339 15 223 63 358 94 132 10 33 33 411 24 363 89 416 16 40 74 376 30 308 97 318 87 258 79 370 21 398 82 131 62 18
340 15 102 92 347 49 297 58 480 32 332 37 168 20 330 10 118 43 361 15 339 35 236 60 106 90 202 51 311 62 168 93 155
341 15 163 31 363 6 333 46 366 18 310 31 393 70 126 81 265 82 437 45 289 46 406 60 107 1 179 57 61 26 403 34 380
342 15 551 96 395 23 23 92 192 52 162 36 299 43 441 22 200 1 204 80 55 49 483 93 128 4 24 85 75 4 86 3 334
343 15 652 33 226 44 154 35 54 3 499 40 55 52 481 59 90 23 368 29 246 91 52 52 481 58 209 90 295 41 68 38 21
344 15 368 77 262 59 209 13 147 5 130 67 174 45 272 75 408 36 376 58 227 80 137 78 13 29 298 51 207 9 365 98 94
345 15 413 32 498 96 444 49 110 93 433 64 428 64 498 15 430 76 55 10 90 91 416 31 388 79 385 76 291 38 441 41 419
346 15 120 17 363 61 204 34 87 56 238 26 245 84 370 61 263 46 341 73 334 82 135 13 129 34 127 22 232 17 29 99 440
347 15 146 26 125 78 283 7 95 25 435 78 305 78 132 36 124 92 412 61 237 83 45 53 317 28 271 11 219 52 270 71 39
348 15 143 59 121 2 405 7 150 4 281 97 224 50 85 31 19 33 35 18 267 93 134 18 290 97 471 96 445 99 166 67 281
349 15 725 22 492 59 119 13 473 11 190 97 249 32 248 44 6 43 164 7 349 2 271 36 264 51 231 95 260 76 2 72 479
350 15 204 12 466 37 249 27 180 70 26 3 292 31 288 19 447 83 141 64 431 3 460 8 82 61 474 4 353 96 338 44 253
351 15 165 5 233 32 158 45 295 87 81 5 161 46 256 48 427 12 363 29 431 24 413 37 205 12 198 68 193 99 494 58 169
352 15 554 81 112 75 463 38 9 17 56 64 7 13 372 97 361 22 49 70 339 6 382 63 114 76 74 59 51 53 379 16 89
353 15 637 82 382 74 423 43 375 81 184 11 31 38 21 95 242 73 257 79 101 83 494 69 195 53 174 4 376 41 486 54 33
354 15 578 10 187 37 298 72 432 33 156 40 157 47 186 66 23 93 457 5 354 70 300 57 66 12 167 11 249 9 465 15 74
355 15 344 3 96 63 321 85 64 38 211 21 62 34 3 8 365 24 245 1 402 95 197 48 2 12 32 88 392 53 414 54 480
356 15 575 64 369 12 495 88 4 18 448 49 194 25 354 27 74 46 328 61 341 56 245 10 461 72 245 11 147 73 2 57 83
357 15 641 78 46 70 258 97 24 42 282 51 317 64 293 65 257 60 42 58 383 73 276 61 215 15 183 72 345 33 327 53 177
358 15 483 39 120 70 438 38 480 73 62 75 2 61 377 42 434 62 96 83 292 94 362 20 20 69 175 51 264 73 161 71 471
359 15 421 70 486 46 309 46 358 46 363 99 290 65 95 60 490 60 303 94 313 76 29 87 45 24 468 25 23 23 142 23 30
360 15 438 54 31 49 107 60 438 44 3 83 222 60 334 93 377 16 104 65 427 64 497 37 450 87 61 74 44 46 219 60 69
361 15 623 97 415 2 113 21 26 88 374 21 467 60 49 16 30 11 347 22 403 57 194 4 134 87 122 82 19 67 418 83 344
362 15 311 27 324 10 125 48 412 90 363 34 7 60 481 34 270 21 115 19 150 92 162 18 280 81 287 2 165 3 421 57 454
363 15 706 88 467 3 300 27 7 94 128 4 366 83 377 77 270 82 355 65 311 8 68 45 280 20 236 65 337 86 346 85 353
364 15 422 86 212 87 324 11 434 81 101 67 124 62 354 92 424 11 51 68 426 74 443 54 143 29 59 72 138 52 50 85 78
365 15 668 96 216 44 267 89 301 6 76 5 299 49 144 46 384 54 248 2 223 27 77 22 57 7 252 50 121 69 107 35 348
366 15 491 31 151 5 278 4 280 75 31 45 153 44 47 33 488 22 49 57 168 10 67 55 440 9 129 29 1 2 16 83 345
367 15 394 12 52 8 200 85 40 26 326 48 148 43 470 32 102 69 32 47 360 55 35 44 90 19 49 38 205 71 326 89 261
368 15 732 66 220 37 85 98 481 61 43 76 235 83 300 31 375 3 105 38 104 83 362 71 373 85 345 66 129 1 191 15 353
369 15 178 78 322 58 342 59 16 25 209 30 30 15 132 49 326 7 215 63 110 58 236 76 442 17 380 5 136 89 487 13 305
370 15 472 58 76 35 30 46 82 3 388 95 380 35 121 90 23 82 104 72 479 81 421 55 125 27 268 38 112 86 70 77 298
371 15 514 54 297 67 432 29 306 47 126 27 283 69 320 14 19 10 299 82 46 92 162 41 252 50 346 96 226 36 497 55 29
372 15 422 55 208 7 481 34 220 34 29 6 149 94 475 24 342 14 384 3 310 99 475 43 418 86 197 2 88 36 445 76 128
373 15 356 8 289 55 367 54 134 43 135 14 244 4 188 61 20 8 219 67 70 17 71 67 479 98 203 9 65 85 489 17 228
374 15 703 93 449 52 336 15 416 68 101 28 230 45 330 91 429 64 138 46 366 51 487 86 369 63 260 41 237 70 254 53 135
375 15 715 77 73 86 483 61 345 12 197 65 434 60 2 19 263 74 203 4 391 11 73 15 15 48 106 86 300 36 332 32 449
376 15 795 78 435 46 174 64 174 96 221 89 235 5 237 9 81 73 426 27 163 34 200 31 379 89 22 31 361 32 319 58 269
377 15 200 5 9 19 271 85 486 40 270 64 477 11 395 28 279 83 102 25 358 63 278 79 323 33 24 48 331 7 6 65 301
378 15 462 77 44 70 436 98 394 14 358 21 318 1 99 88 356 31 136 75 66 35 156 72 199 98 479 13 44 88 389 25 434
379 15 482 15 166 66 491 23 432 7 459 14 265 86 246 47 458 17 206 63 46 83 225 96 40 64 88 79 323 28 198 14 29
380 15 523 55 2 83 12 47 243 58 320 65 115 6 382 54 422 57 140 4 311 83 33 58 273 7 260 61 366 10 297 26 424
381 15 777 92 180 1 468 53 286 63 27 3 149 49 37 3 356 90 147 69 497 70 184 64 296 64 416 3 214 11 390 98 165
382 15 102 26 126 44 208 46 332 92 74 83 411 41 415 16 2 53 184 37 391 61 341 35 261 20 86 30 199 75 199 84 226
383 15 558 77 473 8 68 78 310 43 361 61 443 75 49 66 41 85 413 6 69 82 284 67 360 37 308 74 236 85 469 34 286
384 15 720 48 217 72 271 70 352 14 335 41 395 80 45 7 482 68 185 52 276 5 166 90 42 13 433 91 416 90 244 45 388
385 15 55 54 233 58 432 96 300 73 10 68 104 89 486 77 237 35 482 59 439 11 81 3 112 66 165 20 87 86 240 52 203
386 15 449 71 271 2 243 24 490 34 147 84 101 74 427 9 14 82 457 31 188 51 13 85 265 31 479 54 485 94 169 80 378
387 15 68 71 266 63 317 70 148 69 238 59 305 9 481 70 44 9 210 74 318 98 38 71 289 27 445 34 273 81 204 14 422
388 15 718 51 480 85 212 82 388 20 485 83 55 6 459 31 469 75 361 36 62 22 351 6 120 56 411 68 304 44 433 1 333
389 15 426 86 68 49 271 61 138 42 206 82 157 66 184 94 380 77 256 24 378 53 89 28 63 3 53 97 498 80 276 36 316
390 15 116 5 326 74 10 76 40 56 444 48 205 20 287 76 323 92 240 38 214 86 102 6 99 19 245 44 75 40 416 20 211
391 15 395 79 109 59 258 99 96 34 29 52 442 48 250 66 216 7 103 32 9 25 405 92 415 20 119 72 476 14 401 68 183
392 15 466 90 151 84 373 56 320 21 73 39 283 50 348 90 142 44 355 92 207 3 448 3 467 1 436 41 447 24 141 33 134
393 15 622 87 48 42 207 60 181 3 10 17 241 29 443 20 294 84 56 73 36 7 442 62 202 59 171 99 395 96 419 21 36
394 15 155 79 390 89 91 10 15 77 200 51 382 93 364 13 32 98 330 9 469 17 87 29 26 2 133 74 288 77 373 24 248
395 15 330 43 103 68 421 59 153 6 61 90 31 97 108 51 380 11 315 99 274 77 147 23 444 40 429 74 312 40 162 40 154
396 15 783 75 131 82 293 74 474 50 272 70 350 45 286 38 61 74 455 92 482 17 327 98 16 23 321 53 318 42 327 80 83
397 15 663 71 313 73 453 61 288 16 315 59 203 46 260 13 46 49 171 76 422 35 358 46 322 56 153 9 168 8 377 67 273
398 15 253 96 230 64 395 28 283 90 166 26 419 17 57 33 21 38 164 26 235 71 143 67 343 23 45 43 461 76 1 73 145
399 15 326 81 12 89 339 74 351 61 177 46 312 35 1 2 51 49 388 99 152 25 309 66 378 63 31 26 123 72 244 76 157
400 15 550 69 141 45 85 63 29 24 5 35 446 7 145 45 355 94 239 7 213 6 403 84 109 9 14 23 306 98 157 39 66
401 15 224 47 175 98 76 15 458 81 12 12 203 35 11 99 260 37 5 42 387 32 409 17 418 21 488 56 159 8 327 81 403
402 15 100 85 314 65 295 34 284 33 389 33 182 54 345 12 55 38 30 58 343 12 167 1 78 34 425 38 85 82 187 44 35
403 15 247 89 292 27 39 75 5 68 95 84 234 3 399 20 29 65 372 84 306 78 375 26 114 58 277 71 94 7 9 20 486
404 15 147 20 238 36 392 45 23 69 171 85 253 66 457 46 309 15 170 26 284 4 153 66 232 51 455 67 223 6 385 37 486
405 15 758 59 469 69 482 32 435 52 281 20 252 23 69 78 213 81 232 98 312 28 58 95 435 8 18 10 328 46 14 46 132
406 15 763 26 80 77 433 64 386 35 92 99 176 84 476 82 58 56 202 32 431 91 71 62 403 38 199 47 321 86 47 8 330
407 15 528 73 79 82 415 60 181 63 262 18 302 92 186 82 316 31 177 58 74 13 138 96 277 79 69 58 456 78 430 19 152
408 15 494 16 216 61 304 46 116 12 95 15 357 27 310 41 5 94 457 82 305 35 194 64 256 11 414 40 443 25 375 39 357
409 15 331 24 330 89 142 41 84 56 218 66 332 16 385 55 403 2 25 5 403 35 253 74 156 74 401 66 193 5 350 23 29
410 15 332 40 94 54 325 21 476 69 50 71 233 11 421 2 169 17 26 61 49 70 314 43 64 25 461 80 90 41 88 76 231
411 15 270 21 304 97 103 70 468 62 261 99 9 45 40 37 95 30 324 69 163 90 260 44 389 96 257 90 447 42 307 29 203
412 15 679 97 286 20 438 37 63 38 431 41 252 84 101 1 138 27 264 26 316 94 473 17 176 28 230 6 221 50 81 53 339
413 15 551 54 237 68 13 22 197 18 320 22 484 88 218 43 33 23 246 87 289 23 278 33 27 73 181 43 417 30 184 46 162
414 15 357 59 221 64 161 10 112 74 272 93 255 3 318 44 411 14 443 52 26 30 235 55 126 67 89 9 132 86 154 50 124
415 15 159 99 28 28 37 35 218 1 207 78 212 47 208 64 259 62 208 63 405 49 220 51 6 24 69 57 247 32 192 23 130
416 15 444 12 343 88 99 21 300 83 236 25 214 23 446 50 431 91 131 28 357 80 464 42 57 54 479 21 497 56 291 99 462
417 15 573 20 307 53 252 38 79 71 366 89 311 47 238 16 301 22 297 52 209 1 221 84 289 91 226 6 169 78 288 23 390
418 15 58 29 476 45 110 31 177 91 40 64 182 99 64 5 260 26 355 18 308 69 316 63 10 22 307 52 427 23 434 89 480
419 15 728 87 465 8 177 14 142 18 349 79 153 93 102 74 81 56 51 7 412 12 101 27 424 16 251 33 408 71 357 74 422
420 15 552 23 31 91 209 76 116 52 279 53 302 25 237 56 414 75 197 23 271 65 406 17 173 99 339 85 93 58 444 70 179
421 15 752 15 19 26 230 7 361 35 243 51 82 7 191 69 258 55 335 43 326 13 104 88 29 81 165 13 279 13 435 64 249
422 15 600 42 497 47 168 18 58 95 444 66 479 28 424 89 273 4 274 16 340 86 443 28 310 99 364 44 383 91 440 36 258
423 15 638 88 463 73 84 85 134 27 319 20 349 70 262 58 342 21 374 39 16 5 83 84 284 82 222 55 9 97 462 20 272
424 15 129 75 103 51 107 44 460 12 469 43 94 35 437 92 327 30 412 1 71 59 360 9 388 46 316 93 411 94 153 54 291
425 15 562 99 333 56 389 69 264 73 402 30 425 25 6 60 292 80 386 4 126 22 385 19 23 15 286 42 494 91 270 40 471
426 15 409 68 479 93 56 98 105 19 319 30 470 10 313 73 226 71 16 71 25 59 479 86 8 34 36 11 141 29 249 6 410
427 15 466 70 83 7 471 26 18 44 241 46 181 30 140 50 174 53 321 76 184 23 275 53 291 12 432 49 357 67 408 80 15
428 15 275 26 105 83 398 76 38 79 474 27 238 75 173 35 435 47 4 38 243 84 233 35 94 32 450 55 400 66 82 81 397
429 15 642 88 412 13 139 45 80 9 6 83 448 11 29 84 170 51 231 33 419 95 182 35 498 28 162 61 349 81 327 6 276
430 15 337 67 10 43 193 63 391 96 202 37 280 75 461 4 103 13 42 67 178 20 347 94 242 40 421 79 275 16 248 3 21
431 15 734 79 206 70 268 96 85 36 481 63 98 30 400 24 256 8 308 34 305 33 403 39 76 44 224 95 345 93 61 57 112
432 15 596 15 385 23 118 41 236 41 226 74 289 69 1 20 482 17 372 78 465 98 407 89 415 74 338 31 390 58 480 11 424
433 15 403 25 40 9 14 16 251 85 264 44 417 2 119 72 198 92 91 61 430 48 108 38 176 58 477 6 130 52 438 86 269
434 15 670 47 320 62 403 97 203 7 219 5 419 82 121 19 368 65 212 72 342 26 122 55 266 72 285 48 62 20 176 53 321
435 15 98 46 319 97 479 17 314 68 408 90 101 88 209 81 311 49 23 73 341 56 493 99 266 77 53 51 250 24 141 46 286
436 15 411 26 135 49 222 82 209 20 237 77 41 90 406 41 101 82 363 69 143 74 457 93 344 2 79 43 212 85 199 63 205
437 15 157 49 312 80 270 13 499 67 382 25 205 76 269 36 431 13 169 53 307 74 236 53 208 42 326 39 437 70 171 56 104
438 15 261 77 381 24 82 87 115 27 196 65 439 41 351 82 37 24 53 6 50 38 21 74 410 73 214 50 86 27 199 14 455
439 15 87 46 229 3 222 21 100 93 121 79 241 33 187 56 29 7 407 57 99 21 69 51 86 63 366 78 82 54 147 17 272
440 15 692 99 272 21 184 61 316 27 256 1 176 58 114 35 218 17 244 53 214 81 75 26 5 79 314 7 230 66 280 97 168
441 15 605 77 21 87 488 93 372 83 98 15 115 19 332 86 319 92 219 66 209 24 428 44 405 10 448 50 341 63 410 7 250
442 15 755 96 30 99 110 49 407 11 395 85 318 53 210 78 315 45 123 80 380 96 74 56 337 40 172 45 362 80 474 62 235
443 15 590 48 355 68 205 87 83 72 175 38 303 98 336 1 345 32 147 98 100 33 161 72 233 60 499 10 469 24 260 99 441
444 15 282 21 226 33 28 45 255 22 179 88 290 30 225 90 278 51 346 11 301 8 45 80 371 25 483 38 183 73 499 38 280
445 15 536 8 112 23 178 22 159 69 232 43 291 6 6 22 389 92 54 64 136 38 12 74 169 13 173 61 284 55 375 46 497
446 15 798 18 388 11 432 72 183 67 9 45 208 65 392 77 150 64 107 52 260 19 235 84 421 73 427 34 78 23 116 19 252
447 15 750 89 201 3 375 32 63 68 268 6 75 57 300 54 79 7 461 9 482 32 166 23 214 9 389 6 156 84 276 4 475
448 15 645 81 437 61 243 81 248 12 244 52 88 77 454 57 174 94 184 78 341 7 361 5 159 48 444 98 314 76 267 52 463
449 15 223 70 12 31 466 82 385 51 79 88 2 19 499 16 364 4 477 28 324 18 237 29 367 16 214 3 63 60 341 22 74
450 15 151 8 95 57 252 65 442 82 138 99 373 34 128 27 461 35 191 98 332 84 376 93 203 58 56 82 131 27 21 98 450
451 15 225 14 144 92 338 43 245 6 83 8 48 11 246 80 312 73 394 24 408 10 499 34 342 1 288 32 269 77 13 37 471
452 15 256 21 116 83 265 39 447 18 436 14 479 34 484 96 12 50 24 15 251 55 353 86 191 37 90 14 158 24 249 80 119
453 15 287 25 8 16 32 36 329 5 208 81 163 74 206 19 303 16 67 31 385 32 493 24 91 24 72 45 225 33 388 95 145
454 15 566 8 109 16 250 50 471 42 231 60 90 25 71 63 239 73 209 55 183 68 409 83 254 36 13 15 408 61 283 57 481
455 15 734 30 464 58 92 78 314 35 234 46 440 68 68 78 40 41 225 92 235 38 84 99 107 96 452 6 283 6 225 32 329
456 15 271 43 409 35 435 33 268 37 283 31 226 78 21 17 288 85 52 49 437 99 399 11 472 50 289 37 153 53 296 37 497
457 15 640 49 490 34 191 26 278 30 11 78 387 43 112 72 157 95 123 56 314 38 205 1 150 45 37 3 24 42 83 79 418
458 15 792 80 278 39 118 30 302 2 203 22 187 23 308 14 95 38 97 49 85 57 329 90 216 13 496 71 135 42 173 29 305
459 15 570 11 446 40 197 75 76 90 373 54 57 2 370 27 308 55 207 50 439 96 457 21 283 69 163 39 489 64 323 52 327
460 15 785 25 365 7 316 17 293 15 482 6 10 36 84 81 267 53 260 88 374 53 252 84 105 86 261 91 455 15 379 55 385
461 15 334 96 76 60 473 69 290 90 70 67 434 82 303 91 186 75 34 24 245 20 229 42 123 67 190 46 450 97 255 56 291
462 15 486 67 91 6 476 57 103 73 381 58 330 73 388 57 128 23 476 36 52 19 85 43 216 62 64 94 243 18 404 95 364
463 15 740 87 117 8 247 9 174 81 218 63 42 22 104 96 186 82 83 18 207 37 213 29 477 22 196 45 64 83 93 94 371
464 15 543 93 340 27 437 77 317 92 362 55 247 80 120 87 458 16 56 12 227 52 251 28 438 21 388 75 257 73 455 8 150
465 15 531 76 400 22 85 24 18 47 348 69 13 29 274 68 104 29 223 64 395 30 331 2 138 52 256 19 480 81 460 82 415
466 15 469 13 135 97 483 22 418 53 495 23 72 60 335 50 206 79 90 92 18 65 394 39 58 67 233 33 435 59 320 28 441
467 15 441 68 297 52 270 43 279 17 391 11 46 74 289 73 468 71 410 60 184 72 374 45 160 77 130 17 52 60 360 45 17
468 15 776 25 59 50 170 97 148 4 294 91 37 10 289 34 178 91 195 29 66 15 252 48 100 87 421 34 347 76 101 97 469
469 15 617 38 293 91 262 72 371 39 265 6 458 89 66 90 78 30 242 45 248 23 253 92 186 38 194 73 48 97 103 28 472
470 15 161 71 370 19 183 18 458 76 21 73 245 9 50 65 324 73 56 70 276 68 257 63 77 74 387 33 43 80 411 2 382
471 15 528 41 200 14 244 1 415 87 17 54 358 62 58 21 125 59 162 84 130 53 422 99 199 61 247 40 355 47 334 21 395
472 15 122 94 149 75 485 22 250 7 49 58 205 82 31 64 58 47 68 25 330 10 388 76 449 67 228 12 45 68 37 4 303
473 15 460 7 455 18 268 15 224 38 4 97 435 79 458 9 277 92 24 74 406 72 415 13 326 22 207 65 225 28 312 6 183
474 15 664 25 375 58 245 65 17 30 273 57 405 24 387 31 498 71 6 68 164 85 117 78 54 86 176 6 193 74 280 30 103
475 15 310 74 77 25 371 31 14 20 269 1 191 49 108 55 46 14 289 44 144 79 424 77 299 87 100 69 213 42 204 32 485
476 15 379 62 368 34 455 1 14 24 214 85 350 66 245 99 337 72 409 93 415 89 170 2 278 95 45 79 58 10 372 27 385
477 15 168 51 317 98 8 6 276 32 281 55 3 30 392 42 95 71 187 1 350 61 287 65 249 36 66 91 300 76 401 78 184
478 15 670 43 355 4 306 75 379 83 47 81 246 83 496 70 197 63 407 7 277 41 396 20 230 70 95 34 218 85 462 56 420
479 15 120 84 487 35 130 60 167 7 346 17 2 98 291 22 439 26 212 71 365 38 465 83 336 75 494 32 250 89 402 24 374
480 15 729 27 331 63 418 54 57 70 185 13 188 24 199 66 143 65 312 44 202 87 29 77 142 21 400 38 263 11 344 85 176
481 15 606 44 72 87 186 39 461 59 417 30 10 32 354 76 257 21 78 99 353 45 310 47 223 98 422 4 360 99 468 96 464
482 15 75 18 253 89 240 29 326 87 207 92 491 51 363 81 72 28 471 91 55 18 407 13 9 15 92 5 159 1 65 97 116
483 15 655 81 355 63 226 13 183 50 48 48 204 33 111 76 104 67 435 20 142 13 165 35 6 1 129 46 98 91 292 26 89
484 15 507 4 295 8 332 5 358 52 485 31 426 65 339 6 248 38 119 12 80 40 307 14 127 35 315 16 106 30 230 7 362
485 15 743 77 44 10 344 1 331 63 274 97 38 25 223 20 243 95 428 96 282 65 376 62 45 31 183 18 439 13 161 33 490
486 15 651 86 387 16 222 50 387 11 352 96 387 57 304 62 182 36 102 25 341 12 315 55 367 11 213 58 291 91 124 9 257
487 15 545 64 217 79 157 22 256 17 95 94 2 69 2 42 254 47 84 89 426 43 165 50 113 98 304 74 325 70 492 36 495
488 15 571 91 140 52 78 39 280 1 111 98 302 78 273 91 177 7 58 51 102 26 322 69 276 27 450 35 436 30 34 6 339
489 15 285 97 219 89 497 99 462 75 401 24 142 9 329 95 90 1 491 19 61 4 278 32 372 19 101 21 173 57 329 78 44
490 15 663 84 478 5 253 55 147 26 296 63 449 8 376 58 135 8 299 70 89 12 7 72 398 81 145 98 188 64 150 54 220
491 15 82 79 337 36 163 77 497 25 60 74 338 83 15 60 135 60 371 50 215 90 184 37 411 42 273 65 336 78 464 21 13
492 15 554 65 443 52 395 54 458 39 157 85 14 93 429 31 323 53 213 32 176 78 312 24 159 49 487 89 185 62 295 29 456
493 15 726 43 103 85 52 8 180 86 126 96 131 77 46 6 339 52 211 97 495 91 121 68 49 36 341 1 321 35 401 69 241
494 15 767 55 158 30 349 42 255 63 326 99 91 72 260 94 163 8 140 24 332 40 227 4 183 49 484 87 424 87 244 59 72
495 15 660 5 87 53 107 37 327 81 345 27 209 3 275 91 416 54 323 39 104 89 33 74 486 6 498 98 497 83 220 22 126
496 15 570 56 443 47 222 33 279 40 75 3 14 83 12 92 446 21 342 27 78 87 67 55 290 68 239 96 161 68 460 20 255
497 15 63 14 389 95 80 1 284 49 419 74 314 58 489 84 176 72 260 40 259 24 108 70 133 2 9 10 460 71 226 19 257
498 15 425 37 472 98 44 29 263 10 133 81 454 93 258 82 401 3 399 78 247 31 301 5 242 52 452 46 436 26 113 27 265
499 15 367 76 252 7 408 67 137 78 267 83 6 54 494 90 293 31 99 29 471 23 356 61 433 25 31 21 465 35 446 52 458
