0 25 91 54 347 68 208 83 2 55 17 12 217 30 328 97 481 96 2 63 337 91 456 52 410 55 293 8 456 6 258 96 458 46 301 55 373 14 219 65 70 94 261 52 385 40 209 12 172 89 310 38 99
1 25 194 92 323 40 385 12 261 8 280 41 42 15 346 91 167 32 460 59 194 24 353 51 243 17 381 58 164 40 56 28 149 28 494 46 364 17 391 72 361 16 5 75 346 93 82 81 87 61 75 82 178
2 25 939 58 250 31 6 30 237 13 32 36 478 65 283 88 331 31 108 79 35 25 180 25 400 18 203 32 40 74 405 62 475 44 494 65 170 96 44 52 488 12 309 88 475 99 274 57 270 76 435 98 62
3 25 580 79 227 10 157 52 159 86 372 4 79 66 496 74 50 39 399 95 398 69 43 43 70 25 246 67 34 65 244 54 4 85 494 70 296 11 468 66 423 97 29 87 426 55 131 44 34 54 132 27 486
4 25 650 3 53 75 344 10 237 20 356 39 20 33 202 92 100 88 85 4 373 99 463 55 485 85 122 96 328 36 129 9 66 32 14 61 76 17 51 24 227 57 474 54 355 20 195 28 235 61 321 58 369
5 25 196 29 396 66 490 71 183 85 419 3 63 27 189 23 211 93 34 74 438 27 234 27 16 16 423 42 218 37 309 10 456 53 107 27 306 62 489 7 305 32 494 12 159 81 224 78 392 92 250 42 77
6 25 984 17 456 9 206 43 262 91 172 49 312 59 221 56 95 14 406 80 194 30 304 23 343 68 38 47 480 94 151 20 379 80 298 87 322 2 248 56 414 18 336 57 322 37 378 56 194 65 482 86 243
7 25 272 2 166 91 491 86 487 66 203 58 492 28 65 19 70 93 191 20 330 20 79 90 47 77 425 40 406 6 133 45 423 9 376 31 426 19 200 53 127 63 354 94 194 53 335 81 174 66 14 34 497
8 25 513 5 312 41 89 52 47 44 46 75 88 25 66 10 41 72 271 63 10 44 257 3 91 80 226 45 458 87 299 65 236 45 251 21 434 15 300 77 141 33 201 43 76 47 130 14 204 68 406 93 188
9 25 143 92 36 29 22 33 199 29 124 74 430 2 267 95 356 73 288 65 304 37 120 62 121 64 494 76 4 52 179 86 492 80 78 72 492 25 146 75 288 98 91 77 277 65 133 81 367 5 333 76 99
10 25 1203 38 350 75 249 83 450 62 200 69 462 92 496 56 382 39 1 13 111 5 308 89 396 48 490 60 156 38 341 81 489 55 20 61 444 7 174 94 361 83 85 47 361 32 98 51 130 52 44 92 396
11 25 821 11 420 27 49 17 133 46 234 3 90 70 178 74 75 26 450 22 415 75 496 21 294 22 7 74 398 60 469 34 488 21 159 69 394 23 464 46 187 94 25 71 216 76 361 54 406 43 498 59 347
12 25 150 74 324 31 218 63 141 3 68 14 197 65 476 55 413 4 442 10 395 7 169 78 167 89 465 9 256 30 353 2 61 8 377 75 344 17 20 83 169 6 196 72 81 56 243 83 37 16 43 98 392
13 25 614 40 294 67 281 39 277 6 121 20 206 91 337 16 150 88 10 27 116 20 191 33 101 93 303 94 233 10 90 20 201 96 41 85 113 29 291 97 481 11 93 77 324 55 21 51 395 34 5 36 209
14 25 756 87 29 95 45 25 189 1 135 25 107 72 382 26 252 60 485 55 304 38 141 61 112 86 477 45 459 87 89 3 82 67 273 17 37 27 346 6 371 28 292 66 375 52 121 10 175 20 207 41 128
15 25 1063 4 138 69 35 18 24 57 77 29 87 4 93 73 163 36 17 1 191 5 365 15 125 36 262 57 430 89 192 30 369 47 172 56 122 82 325 18 291 39 53 53 181 38 280 25 366 83 316 94 485
16 25 868 57 462 38 396 15 95 92 122 12 1 78 92 94 175 12 492 26 467 54 226 76 469 73 168 14 414 97 99 98 266 36 376 55 273 20 484 50 24 69 58 43 267 22 155 32 203 29 230 67 174
17 25 434 4 374 33 479 50 277 58 465 68 168 69 285 50 147 42 222 83 77 95 123 34 392 93 204 78 295 24 184 43 463 53 69 77 498 95 181 84 225 57 437 70 408 18 300 1 165 14 64 67 301
18 25 304 18 251 69 212 46 248 98 76 75 25 97 34 62 467 59 19 25 487 61 59 49 499 30 148 79 105 94 367 70 273 84 139 74 118 20 34 25 397 17 4 8 152 96 145 60 120 96 26 16 17
19 25 1239 77 29 72 322 41 406 29 235 29 215 23 389 96 74 48 413 18 324 93 367 74 161 40 104 43 203 34 141 19 274 37 32 49 380 19 422 16 330 92 282 56 146 61 5 54 198 82 186 70 77
20 25 609 22 438 75 159 83 311 83 480 10 316 92 337 59 471 53 29 23 179 99 163 80 93 94 315 9 57 47 57 2 238 51 7 51 142 19 472 39 272 5 10 63 320 55 275 90 474 76 195 27 44
21 25 1246 38 187 81 47 58 429 69 433 55 18 69 369 40 386 88 130 52 341 38 489 23 42 2 85 51 87 62 434 36 437 89 379 87 279 94 459 65 230 68 462 59 178 17 159 84 294 87 318 64 193
22 25 1264 19 231 67 156 43 106 63 45 80 147 36 261 97 407 60 97 55 190 33 75 46 331 46 407 78 471 21 277 2 374 91 418 14 276 49 155 51 174 31 364 6 370 50 222 71 160 77 320 57 171
23 25 923 42 211 76 374 83 88 13 170 69 357 53 177 61 330 5 77 44 101 80 14 32 115 76 185 64 107 46 361 94 93 47 188 87 5 35 84 34 465 98 443 85 297 23 100 25 442 52 276 83 367
24 25 1202 41 469 79 486 92 175 6 121 88 157 1 150 31 376 62 486 23 196 76 455 72 282 28 457 60 412 97 283 2 215 84 328 68 457 77 183 89 390 71 331 21 118 87 454 72 320 87 390 1 141
25 25 748 52 19 41 306 14 174 8 404 87 443 68 499 76 2 61 50 36 214 82 36 22 299 98 243 24 403 6 148 92 50 24 57 5 200 44 286 11 356 29 368 82 116 89 206 6 457 30 183 43 308
26 25 263 93 172 30 15 61 451 30 188 18 322 10 393 95 124 13 242 5 244 63 210 51 67 27 239 70 442 83 174 57 163 81 228 60 335 2 248 97 481 1 471 1 260 39 397 17 460 1 276 80 172
27 25 1148 46 167 27 322 18 319 86 474 30 140 63 389 13 377 65 101 19 52 59 388 35 239 11 123 57 436 6 343 49 392 60 338 75 271 65 467 32 223 97 5 78 205 38 395 91 133 13 210 20 391
28 25 774 23 451 75 394 91 249 69 316 7 457 73 347 24 401 53 1 94 8 56 309 64 64 94 344 16 291 17 104 95 349 28 237 86 122 52 34 71 74 97 124 15 354 92 330 49 106 72 459 57 160
29 25 999 55 91 85 63 50 229 43 41 26 173 40 99 61 137 12 319 68 416 78 217 55 472 10 247 5 327 91 417 17 157 15 105 40 190 91 87 33 150 14 25 78 188 44 420 5 31 79 130 21 130
30 25 1096 17 210 81 107 12 133 79 36 69 130 26 184 26 309 11 308 23 100 46 185 57 489 90 189 7 214 34 440 17 163 97 149 13 141 85 159 19 386 51 1 44 163 4 110 15 4 29 182 16 237
31 25 1101 83 289 47 489 18 411 85 130 96 120 39 280 6 121 49 169 58 12 70 171 78 17 1 162 67 393 39 317 80 487 86 400 11 392 32 177 5 192 73 492 85 52 68 486 53 166 2 311 94 483
32 25 216 72 462 49 174 10 312 96 411 30 383 58 141 81 226 30 270 81 331 47 74 3 479 98 355 28 399 92 419 51 99 47 436 43 147 80 170 66 257 70 466 38 463 51 12 43 397 30 228 80 125
33 25 795 39 331 66 402 93 296 27 147 32 1 45 35 82 117 13 390 31 444 40 323 99 93 30 339 99 462 56 316 80 132 20 211 46 203 31 231 34 242 86 318 14 21 90 37 36 24 94 192 61 442
34 25 978 20 175 37 230 5 16 93 445 20 308 73 470 47 319 17 334 41 404 80 233 54 369 8 131 98 167 77 289 41 425 41 374 82 203 11 284 16 452 51 44 15 99 5 370 24 211 14 120 52 10
35 25 811 1 234 97 18 45 197 62 149 37 134 62 282 5 325 22 123 93 350 22 135 43 398 28 241 80 258 91 104 59 75 50 459 20 205 83 207 19 100 12 398 98 389 40 494 42 237 13 358 96 175
36 25 652 13 421 46 390 80 431 84 123 55 319 18 30 82 351 98 77 12 256 33 16 24 136 70 382 84 447 15 2 75 150 27 7 42 372 92 258 20 57 20 478 52 94 50 22 4 62 42 71 45 265
37 25 1014 29 317 69 285 2 439 57 186 2 248 99 341 50 199 89 271 76 94 49 57 19 124 36 346 49 269 77 244 61 402 18 32 57 90 11 31 72 283 39 54 57 39 18 260 67 481 17 28 87 137
38 25 255 29 329 57 289 39 35 71 92 10 461 79 26 40 13 57 24 98 331 16 175 66 237 72 25 81 125 62 356 94 387 50 71 60 359 72 18 81 165 72 220 32 311 69 360 89 237 2 456 82 148
39 25 545 11 53 34 210 48 72 28 256 34 422 25 180 61 273 90 341 46 335 56 201 53 133 50 119 44 46 54 293 9 136 25 384 38 5 95 134 9 31 15 8 20 227 35 174 59 412 8 24 43 427
40 25 343 94 248 58 119 85 201 47 439 62 255 40 234 9 304 68 209 48 174 62 263 11 184 85 259 34 98 26 93 23 311 67 141 27 405 67 227 58 237 61 18 45 358 14 323 7 119 28 214 47 54
41 25 789 44 60 36 203 65 60 21 17 13 152 96 27 96 187 14 177 96 358 81 386 79 107 46 496 12 26 16 384 87 364 30 225 10 192 95 363 52 187 99 423 47 254 95 453 21 449 78 405 26 244
42 25 505 15 169 32 260 94 393 99 126 90 302 63 490 39 216 49 90 65 64 17 118 76 261 19 109 64 74 24 477 30 473 1 55 65 373 56 78 8 59 26 153 74 395 7 465 44 285 52 442 36 279
43 25 942 8 337 36 103 22 262 89 395 96 124 98 268 31 320 10 29 45 185 93 86 76 178 84 353 14 29 4 100 67 429 97 45 86 276 19 247 23 219 83 420 83 351 45 378 25 477 16 262 64 436
44 25 123 82 481 34 159 81 165 65 116 98 188 68 249 54 76 61 114 30 92 64 8 32 261 87 381 44 20 75 407 39 110 75 52 3 67 95 370 94 255 33 12 9 138 34 172 78 217 73 145 74 352
45 25 979 55 391 13 166 93 319 17 310 15 292 3 212 80 425 38 396 37 290 68 66 94 446 78 114 24 189 60 169 37 199 19 211 65 420 20 479 81 28 79 230 85 287 25 185 11 189 11 441 59 315
46 25 543 73 268 38 307 61 352 10 214 10 408 86 154 93 78 33 209 88 282 92 217 96 141 11 244 13 338 46 95 7 176 90 341 5 296 82 30 32 143 9 32 86 143 8 56 19 9 40 427 98 153
47 25 485 87 176 65 31 85 200 25 60 48 80 93 99 69 404 30 264 97 464 81 124 34 406 65 285 98 110 49 330 57 459 42 138 28 268 33 218 57 14 99 279 19 171 62 493 76 437 57 1 93 149
48 25 173 58 235 38 407 79 404 10 338 9 238 68 16 15 280 73 354 96 69 97 458 23 354 53 438 83 108 7 8 68 8 11 125 58 365 70 470 41 326 59 12 27 140 29 127 79 354 97 206 52 199
49 25 1286 30 152 70 124 98 437 66 224 4 404 13 54 23 424 91 73 12 334 97 457 14 431 44 405 77 308 76 56 88 333 95 26 58 323 88 306 5 363 99 44 65 329 35 106 62 74 5 457 70 317
50 25 625 8 101 60 64 49 425 35 221 80 79 31 468 96 292 59 341 20 371 72 401 73 185 17 177 83 137 13 485 52 451 78 168 97 324 87 175 16 97 68 210 46 34 21 181 11 489 71 181 93 238
51 25 1031 80 477 54 35 35 146 91 65 90 27 35 327 74 320 30 73 92 204 85 120 59 88 81 315 40 429 54 465 50 225 93 62 9 315 8 479 45 290 49 473 80 322 88 345 98 170 17 69 93 376
52 25 179 36 433 29 437 59 459 57 222 39 431 25 279 63 199 24 206 40 354 2 123 68 290 45 84 80 131 42 153 32 143 92 303 69 145 58 19 32 379 94 443 28 341 63 295 36 372 82 360 79 22
53 25 614 27 254 58 71 37 60 9 456 68 170 94 354 9 474 28 47 35 244 61 47 95 334 52 163 33 295 85 184 87 98 99 114 95 101 94 456 63 321 65 468 80 284 28 397 88 19 88 120 62 148
54 25 789 11 472 9 48 20 385 73 108 58 453 7 71 48 279 31 306 46 34 70 480 32 295 80 448 76 489 79 116 56 12 44 40 2 497 89 291 26 165 21 369 27 194 63 8 31 53 44 490 35 423
55 25 1056 2 485 99 208 9 298 43 89 55 146 72 437 8 139 43 374 68 381 24 4 86 28 53 316 91 183 7 310 37 141 60 353 85 56 36 265 21 382 1 494 26 10 33 188 7 90 93 365 94 152
56 25 134 29 200 63 482 48 404 42 226 16 27 36 143 28 28 44 465 58 297 65 408 56 457 97 121 22 34 77 436 14 182 45 134 30 83 90 365 2 369 80 325 69 340 97 474 63 25 7 56 45 326
57 25 950 23 166 41 454 12 444 96 411 99 17 91 2 63 27 38 330 3 418 40 459 83 192 71 99 94 370 25 198 13 308 95 251 51 52 79 102 87 223 20 54 44 122 70 76 14 369 51 404 10 120
58 25 404 35 171 45 405 79 256 91 296 87 139 4 23 46 313 13 387 74 372 42 368 51 384 18 213 19 79 99 147 72 492 34 81 66 480 18 399 55 239 93 380 87 406 31 1 86 72 48 4 17 403
59 25 338 16 345 18 341 40 171 46 107 41 187 77 172 82 99 24 237 33 497 24 117 68 185 38 110 48 201 38 40 8 278 9 115 52 254 17 140 68 344 65 378 65 127 82 448 56 492 58 53 78 221
60 25 1255 62 26 5 207 63 256 88 298 27 1 12 51 88 178 39 470 78 130 81 297 81 158 56 365 64 163 53 457 25 20 86 457 96 343 11 45 81 458 57 86 17 244 73 434 77 300 37 327 96 464
61 25 1050 62 221 64 467 70 161 78 452 23 3 26 277 55 323 26 333 36 103 42 36 12 123 92 116 74 461 57 316 28 148 68 83 58 76 18 89 78 95 57 341 22 371 46 387 94 434 96 366 56 342
62 25 1138 46 131 32 107 73 195 56 393 37 162 28 227 2 8 30 176 10 444 52 18 40 446 35 181 52 209 88 378 32 261 56 60 79 239 58 369 24 38 70 384 42 324 72 490 37 167 26 349 66 69
63 25 56 13 394 73 449 31 157 41 37 26 152 28 288 19 4 66 119 35 48 59 97 59 143 36 190 69 279 48 418 44 472 51 288 50 38 77 132 43 251 78 90 57 145 28 169 17 123 48 274 81 297
64 25 878 49 243 28 99 64 343 78 186 14 59 84 362 19 425 61 396 6 328 99 80 38 168 44 433 24 129 19 362 17 86 42 313 92 411 19 428 1 381 71 420 89 460 98 499 16 151 4 73 98 358
65 25 479 83 454 22 10 31 232 87 130 43 162 61 370 33 417 51 248 49 128 95 444 83 429 47 70 97 77 80 270 79 438 12 176 62 402 58 111 62 328 24 412 42 107 58 438 53 101 47 270 89 24
66 25 1291 50 229 8 128 20 424 44 381 85 10 99 204 62 492 76 272 69 195 61 285 29 287 1 145 34 120 58 7 65 176 86 207 30 43 91 41 85 380 98 222 36 469 3 482 53 307 23 332 14 162
67 25 1197 29 215 30 205 17 403 67 225 3 419 25 143 89 449 12 365 7 450 67 494 14 420 79 133 65 302 9 214 13 277 37 367 92 451 86 476 74 200 22 270 94 484 9 310 93 434 13 166 45 492
68 25 788 66 259 16 244 92 179 52 376 93 133 69 102 56 113 42 20 74 181 42 400 93 257 59 108 99 249 62 325 21 142 78 413 59 240 61 123 31 8 17 497 28 15 67 18 86 467 6 144 72 474
69 25 662 26 55 50 388 62 65 18 192 77 218 69 458 51 60 40 227 25 452 84 379 27 190 58 351 31 68 67 352 33 312 37 46 15 137 78 154 2 2 76 283 79 179 5 447 67 199 85 56 25 278
70 25 1206 72 498 39 239 39 466 7 492 78 404 64 372 43 189 33 48 66 435 64 170 53 151 75 109 10 304 52 310 92 54 70 33 27 442 80 4 6 471 8 254 91 25 4 173 42 220 15 382 92 172
71 25 83 68 428 23 381 59 214 90 272 68 288 63 208 28 267 71 141 52 232 18 112 64 338 79 365 80 137 59 215 3 155 32 73 70 291 83 240 58 380 23 39 34 348 70 380 96 451 67 23 87 209
72 25 1172 17 436 42 290 53 445 47 441 22 61 32 378 66 347 18 487 64 87 98 263 87 415 79 369 18 457 96 304 41 18 36 64 92 63 90 117 65 394 63 264 71 258 49 33 59 99 94 175 76 64
73 25 527 71 452 31 397 34 109 26 431 50 31 75 347 67 82 71 405 69 34 54 323 80 253 38 306 12 153 28 27 28 57 88 226 93 5 24 32 40 305 34 492 67 222 99 417 26 73 53 28 21 310
74 25 1191 97 367 13 107 91 158 50 369 8 228 3 184 46 9 34 420 8 435 76 475 25 251 32 485 98 256 61 134 19 331 55 96 33 312 83 393 28 344 34 171 32 136 99 361 47 95 65 237 53 400
75 25 611 74 451 9 309 29 481 48 462 50 329 95 38 34 151 98 398 32 372 1 187 19 87 13 401 51 27 29 62 47 211 39 241 84 106 43 11 37 42 45 275 30 403 3 366 76 350 46 25 44 393
76 25 1071 19 373 12 19 17 303 39 94 24 70 94 205 62 80 89 457 33 55 71 431 40 337 79 86 27 279 7 472 19 162 75 390 64 5 62 234 76 215 89 175 74 257 1 78 7 291 55 474 82 480
77 25 631 27 305 31 327 96 78 18 23 35 205 2 224 98 272 40 258 37 447 72 99 24 160 21 182 69 111 11 349 8 150 64 179 24 343 48 227 48 411 11 395 36 29 81 305 92 346 88 414 57 217
78 25 326 50 80 45 323 92 385 99 57 58 268 85 247 60 63 66 340 56 136 99 161 77 105 50 401 21 128 67 463 84 179 46 93 24 103 46 321 95 218 96 354 54 413 46 395 95 178 93 375 87 345
79 25 929 22 201 2 122 36 176 62 156 5 22 92 437 53 40 24 234 86 269 28 71 45 220 20 218 66 288 92 473 2 28 59 128 65 192 7 68 73 59 11 241 12 291 46 265 19 171 19 246 23 127
80 25 367 20 159 80 367 85 469 12 45 87 108 17 242 46 170 72 160 65 413 78 22 19 129 34 101 56 422 35 2 82 283 3 91 51 358 74 241 29 151 81 270 66 397 19 83 28 163 54 390 32 96
81 25 695 88 238 53 217 73 348 64 52 17 201 2 487 10 348 97 162 86 278 53 185 74 432 56 444 84 14 22 318 36 241 71 446 69 240 57 16 66 56 29 191 42 477 74 478 95 168 33 183 5 274
82 25 81 3 359 60 67 18 4 1 283 50 11 56 463 45 204 53 125 74 221 65 267 90 497 44 378 22 223 15 286 81 368 40 216 52 228 44 319 25 268 92 54 76 365 34 3 17 404 89 499 37 154
83 25 233 49 448 39 298 51 212 9 400 43 393 61 45 55 378 88 219 51 60 18 54 83 40 99 212 99 205 28 223 27 406 72 43 19 279 17 414 16 98 86 288 66 349 28 382 91 118 72 497 35 445
84 25 986 59 190 7 282 27 279 5 150 66 459 11 346 39 317 41 60 53 54 87 63 44 249 19 216 53 103 98 262 94 464 74 398 92 313 28 9 19 151 29 78 92 161 8 311 51 405 72 313 13 97
85 25 1017 12 90 33 74 43 215 23 237 54 401 96 229 99 381 74 320 68 49 52 345 94 51 40 308 14 86 97 396 46 438 88 4 89 383 54 99 3 13 21 15 81 108 38 22 84 438 80 245 12 295
86 25 591 24 169 11 20 77 41 54 225 24 157 89 471 67 311 3 486 18 39 98 374 46 9 95 454 17 139 35 27 16 179 4 498 9 411 47 407 41 42 84 272 2 415 28 139 72 149 82 434 1 142
87 25 1071 31 156 86 114 73 88 20 283 41 146 12 384 96 325 25 238 43 260 39 440 39 110 74 415 61 245 55 127 11 405 90 343 76 73 73 234 62 78 38 191 89 188 28 330 82 18 94 63 55 349
88 25 640 97 443 62 268 89 338 64 93 64 39 95 265 66 139 56 21 35 373 87 495 86 493 80 319 14 300 37 446 21 190 85 304 75 165 10 228 91 488 68 98 16 274 66 320 49 355 74 54 53 56
89 25 114 14 196 51 195 94 253 72 42 20 115 2 492 92 99 93 431 94 362 22 394 31 93 18 351 5 203 93 331 23 159 50 60 21 152 91 217 83 240 39 468 46 192 75 35 65 303 7 131 39 423
90 25 1106 16 123 14 74 52 497 5 382 21 443 9 100 6 313 71 227 99 297 84 440 75 62 40 338 23 479 23 265 31 457 53 417 82 238 66 497 30 186 42 450 38 274 57 53 40 91 90 214 9 279
91 25 972 88 168 28 331 4 428 14 288 82 314 47 448 81 382 64 255 33 463 98 237 30 191 5 397 20 23 31 70 19 492 5 206 68 191 38 483 29 90 9 187 29 19 35 245 80 67 95 232 54 80
92 25 1256 22 309 69 343 24 147 74 439 74 452 83 235 57 100 73 141 88 394 72 39 33 382 83 147 24 242 64 176 28 167 3 403 85 305 80 420 9 161 85 194 39 347 63 174 59 450 45 105 62 194
93 25 939 43 136 99 322 18 493 72 4 95 158 83 208 75 243 66 77 90 32 57 133 11 12 24 364 18 143 43 170 80 67 65 416 83 44 37 465 21 184 29 68 14 246 39 319 61 72 34 80 68 108
94 25 653 83 231 39 111 76 343 89 424 64 407 13 281 84 205 24 125 68 348 76 161 98 277 8 313 81 472 3 351 42 453 22 122 86 228 31 404 29 69 98 19 22 297 74 349 1 115 45 93 77 321
95 25 129 49 407 64 410 70 331 87 336 5 441 46 47 26 495 55 29 81 46 43 367 11 1 33 386 58 110 87 150 86 180 50 372 8 150 28 199 23 154 40 76 13 364 75 157 49 101 86 489 71 289
96 25 71 43 357 64 423 15 468 46 126 22 62 74 447 39 85 5 161 21 424 47 68 72 66 97 93 26 138 42 111 26 387 60 405 14 352 65 408 36 250 68 300 16 212 23 102 61 369 52 182 31 243
97 25 1141 30 117 69 96 39 328 55 495 3 157 87 105 99 96 85 57 1 373 99 124 20 344 4 315 17 92 34 108 35 181 64 472 60 462 52 290 84 42 34 337 53 481 10 245 1 9 96 452 16 292
98 25 1269 77 370 62 63 71 173 1 306 32 368 88 458 66 201 36 473 59 142 59 44 38 264 37 346 51 210 83 288 7 63 62 96 64 369 10 194 36 289 96 244 80 431 87 267 56 383 34 61 5 478
99 25 184 50 293 36 83 61 473 4 281 58 318 34 108 9 272 75 202 89 132 64 277 47 433 36 183 99 275 79 310 39 313 21 292 14 115 14 51 16 287 46 486 73 383 7 21 67 181 37 460 68 162
100 25 880 11 496 69 29 47 332 87 222 92 147 68 162 67 469 42 116 41 376 26 267 89 461 58 55 30 299 23 122 74 303 98 172 65 211 34 326 15 448 92 277 19 402 76 316 82 221 54 217 91 160
101 25 882 66 442 91 376 32 323 21 396 45 201 13 167 82 348 6 308 26 96 34 4 7 349 81 250 11 341 54 405 15 199 70 493 65 277 89 55 37 469 84 181 11 135 60 31 1 8 48 111 73 241
102 25 80 46 155 99 37 6 303 7 344 11 431 72 454 46 448 29 138 19 354 73 154 12 275 68 432 79 211 26 338 11 61 57 434 63 240 76 287 21 140 86 256 69 393 4 275 24 357 47 267 34 467
103 25 249 96 196 16 52 19 400 9 205 95 106 97 213 46 211 93 294 10 109 72 188 92 458 51 240 75 130 33 44 68 36 72 350 45 58 58 226 42 117 5 313 61 443 25 180 55 404 66 457 25 302
104 25 483 43 391 81 481 24 104 8 49 4 378 72 432 88 332 31 305 57 273 32 374 4 406 45 247 69 169 15 188 78 65 29 329 45 270 53 155 70 369 34 160 21 495 6 335 81 403 10 211 81 257
105 25 279 27 71 18 230 38 394 86 223 41 9 74 260 26 400 39 462 64 145 55 160 22 354 6 172 17 194 72 489 32 426 19 378 40 197 3 314 53 23 88 104 56 32 10 257 25 92 61 472 10 354
106 25 182 37 448 26 208 84 268 29 387 19 442 18 479 89 465 73 78 6 89 16 61 78 212 55 295 24 351 34 219 53 337 96 195 41 485 49 55 45 380 29 31 42 341 70 368 53 68 74 280 40 179
107 25 98 75 311 95 9 50 431 85 280 76 219 43 31 58 235 98 341 68 251 27 344 10 14 78 491 68 50 51 357 39 272 10 108 71 382 14 6 90 165 57 264 65 172 96 282 72 398 51 63 24 278
108 25 933 9 254 43 172 38 3 76 461 77 225 94 210 72 149 68 241 96 87 67 426 43 19 5 443 51 52 88 111 59 32 31 475 88 13 22 42 48 345 2 119 62 419 32 50 12 499 21 436 4 346
109 25 83 61 197 60 305 22 1 50 370 29 374 96 173 4 468 24 28 42 247 40 142 33 313 60 222 43 10 91 157 46 373 4 66 87 371 92 193 41 492 39 236 93 308 77 303 92 394 87 395 62 403
110 25 362 96 345 14 440 51 159 21 434 86 374 52 95 53 34 66 218 29 152 56 451 51 70 83 478 26 3 86 178 32 192 12 203 37 145 18 332 54 191 96 212 62 183 60 6 96 63 39 403 60 129
111 25 238 23 271 77 56 1 277 98 214 3 288 66 420 54 277 23 398 76 96 95 204 2 284 13 282 8 361 89 96 58 259 39 234 76 486 17 286 36 205 69 32 24 122 70 233 22 395 41 100 81 279
112 25 854 55 217 16 220 31 21 9 239 11 160 29 145 96 288 39 484 68 244 80 177 8 404 90 97 70 251 78 190 52 2 56 43 1 419 62 213 14 494 74 388 79 436 78 35 88 4 58 82 96 454
113 25 1046 4 214 55 78 85 139 6 18 10 100 20 187 12 400 31 400 16 30 83 143 36 186 53 202 36 407 37 4 47 415 76 136 99 242 65 330 98 90 33 234 68 303 15 223 19 422 11 437 43 205
114 25 374 98 362 92 319 92 278 17 168 99 66 66 306 28 390 95 114 48 481 39 263 27 305 34 292 23 470 26 150 17 362 81 77 59 389 62 79 75 180 10 42 44 116 86 248 81 357 12 157 33 101
115 25 514 56 369 28 387 46 312 31 208 81 417 5 396 31 196 92 294 36 296 24 396 96 496 5 10 40 25 43 140 83 448 47 415 93 156 17 246 74 166 69 19 51 450 50 382 14 26 31 77 76 140
116 25 448 21 412 10 112 41 273 82 202 55 110 93 158 44 145 69 44 93 448 70 260 90 228 9 471 46 63 26 116 18 32 50 482 51 116 58 419 10 438 47 159 28 84 62 332 48 407 91 313 64 206
117 25 244 87 140 22 353 77 482 75 165 25 471 38 91 42 71 51 36 8 120 47 76 3 485 73 430 14 50 32 478 79 212 77 402 79 72 33 303 51 473 91 30 91 70 55 81 66 261 77 150 81 494
118 25 323 48 346 51 77 44 28 24 429 78 134 22 430 54 120 16 277 3 219 46 144 82 208 82 133 90 364 27 110 92 188 40 30 9 21 3 274 56 485 91 452 8 384 87 17 23 288 90 305 61 147
119 25 400 63 221 94 337 65 413 73 284 19 219 72 32 85 272 32 197 48 257 94 234 46 462 99 468 64 258 49 406 92 495 5 393 86 258 22 232 85 128 1 476 60 64 28 203 51 394 3 146 35 12
120 25 320 21 115 6 307 64 75 58 346 36 215 48 455 82 393 76 225 4 10 65 253 14 286 74 205 64 157 79 404 12 309 51 358 35 132 47 210 12 113 47 496 15 288 39 234 67 96 97 182 28 98
121 25 232 51 373 40 2 11 98 15 370 28 337 50 102 76 114 8 146 68 100 92 81 73 247 35 470 16 37 9 27 44 163 36 417 3 343 37 141 61 402 10 308 33 336 47 247 88 481 14 443 54 20
122 25 1289 5 489 94 89 79 36 13 95 82 151 34 92 27 414 46 121 62 176 76 84 60 111 89 146 11 338 39 5 79 250 98 397 6 457 59 290 99 488 95 427 41 165 84 369 12 116 92 367 65 14
123 25 428 72 237 36 456 36 164 53 230 60 341 23 343 46 78 41 53 39 444 41 450 87 178 79 195 42 199 66 179 11 318 58 90 65 303 67 407 26 234 5 136 11 318 13 485 88 75 93 308 9 84
124 25 103 56 247 16 222 43 103 15 285 16 304 53 62 78 207 31 280 33 459 39 398 68 95 56 473 67 150 34 449 80 422 89 329 12 219 34 134 76 378 53 467 50 254 58 102 95 111 49 365 65 277
125 25 576 5 363 16 471 46 251 30 319 44 186 54 246 78 1 74 247 46 63 16 164 36 118 5 56 90 166 13 392 15 223 91 486 35 450 13 181 79 186 23 36 72 22 12 25 23 292 23 3 91 114
126 25 674 51 144 78 407 74 243 85 385 60 224 93 303 71 270 1 224 15 183 98 366 1 343 42 95 41 346 45 200 2 388 78 244 36 49 86 151 11 373 93 6 71 413 32 242 29 274 49 328 39 5
127 25 578 69 231 67 240 4 479 75 37 45 129 58 234 40 111 97 445 68 7 27 98 20 364 30 130 88 374 28 185 95 435 98 488 48 334 45 74 48 68 73 367 53 219 89 124 4 399 64 417 25 166
128 25 127 19 272 1 93 86 442 79 438 21 343 75 356 31 254 7 97 18 176 69 302 86 478 5 152 81 51 95 196 67 188 65 441 27 450 40 30 3 381 71 369 39 16 53 252 72 366 53 478 21 350
129 25 1102 25 225 93 244 27 80 66 118 87 266 68 352 32 253 24 116 16 459 82 295 29 163 9 425 65 244 55 43 58 205 5 127 53 36 88 56 25 40 94 418 94 168 79 270 47 174 93 325 39 108
130 25 554 67 476 24 366 44 475 63 401 91 89 91 338 74 463 83 374 36 235 78 180 51 254 17 213 96 7 33 163 19 259 4 357 78 454 44 256 28 199 47 55 9 412 65 343 23 265 38 172 80 7
131 25 1150 22 202 88 499 93 298 68 68 38 489 19 25 62 172 79 113 72 271 19 120 53 261 56 223 36 395 17 444 85 245 73 41 82 380 5 26 52 288 97 457 9 31 27 383 57 55 67 47 36 10
132 25 1116 54 277 26 456 55 44 39 435 47 424 25 38 78 141 7 72 20 119 15 190 52 159 55 321 22 379 71 164 74 193 82 59 68 360 55 303 33 213 75 400 25 85 20 469 5 389 68 304 16 198
133 25 241 95 379 44 435 37 129 38 121 15 492 81 369 47 103 73 114 82 5 70 176 70 224 24 214 5 213 58 115 44 221 94 407 68 69 36 205 71 180 27 270 75 362 76 367 36 194 82 330 51 169
134 25 651 34 163 45 377 33 380 94 244 50 172 22 345 68 369 41 83 82 437 99 37 2 390 46 101 20 213 5 148 77 16 30 320 32 255 68 327 53 229 83 4 85 353 91 340 78 451 48 416 8 192
135 25 240 41 450 73 166 99 226 82 495 72 86 76 326 7 377 61 156 7 81 86 38 80 397 99 308 80 337 82 158 23 442 30 279 96 105 93 32 73 121 27 184 48 425 65 33 69 495 75 262 39 24
136 25 1256 53 92 53 79 25 380 31 10 61 210 18 170 43 299 53 280 86 384 25 216 88 162 93 170 71 491 73 170 52 376 53 335 16 21 8 367 4 132 1 181 3 88 19 309 41 340 45 165 73 466
137 25 697 8 421 26 21 72 200 20 355 88 173 58 489 84 70 80 445 12 487 9 148 56 109 86 282 8 111 57 179 20 397 57 89 12 354 52 399 5 448 19 341 80 185 79 399 49 261 10 127 87 84
138 25 633 20 333 86 280 62 252 14 19 49 236 29 244 70 129 7 29 57 140 78 14 67 323 15 90 33 94 36 107 18 103 70 119 5 39 21 292 26 336 89 334 63 27 90 35 38 222 18 471 23 455
139 25 138 51 71 96 358 23 112 59 260 64 84 66 445 95 437 8 372 15 39 55 255 27 474 48 200 26 364 31 140 36 243 66 406 27 49 92 135 9 125 96 127 17 399 20 236 97 22 51 219 6 426
140 25 245 35 91 43 414 19 178 9 350 10 252 53 389 86 305 62 399 56 373 34 399 93 227 86 320 64 399 17 141 87 497 42 235 63 490 17 312 38 76 80 281 24 156 41 270 50 211 14 110 74 67
141 25 601 69 462 6 416 95 354 82 161 48 134 68 302 73 445 42 165 70 85 49 154 74 457 59 139 48 133 3 61 15 340 37 349 77 231 1 480 48 447 22 262 25 119 33 206 53 172 49 379 5 262
142 25 1029 82 284 4 51 4 302 37 415 92 86 35 12 36 401 42 308 66 119 21 116 97 193 96 468 67 142 3 103 74 408 77 150 89 448 60 56 8 248 24 188 88 115 98 135 12 302 38 494 50 434
143 25 872 32 466 86 149 81 439 7 65 63 448 73 259 71 103 82 45 3 127 39 254 24 94 2 16 91 250 11 406 1 283 65 202 89 437 75 185 90 174 13 60 69 270 11 270 27 382 40 96 95 491
144 25 734 83 191 76 412 69 336 50 171 49 75 96 269 35 125 43 156 53 266 81 361 96 343 35 125 72 281 17 190 46 118 55 171 78 343 43 474 53 234 15 341 87 455 75 335 32 134 3 498 45 330
145 25 78 47 147 71 385 44 337 9 134 36 121 72 277 30 296 38 477 54 27 26 29 14 55 27 498 16 300 24 341 77 152 72 341 88 473 97 135 23 159 77 473 62 74 48 1 46 50 25 362 6 127
146 25 518 26 34 87 216 98 381 59 497 80 244 69 83 54 205 4 99 38 23 1 458 1 143 62 171 52 75 78 419 8 110 67 257 80 289 29 363 66 440 3 226 26 342 37 20 89 345 54 210 6 6
147 25 1243 45 445 68 225 94 349 6 188 71 147 18 389 14 246 4 476 62 428 85 362 72 459 96 152 48 496 34 261 78 178 88 187 19 269 17 476 88 99 59 360 41 459 73 428 67 403 70 313 74 96
148 25 988 6 184 74 430 67 408 34 490 34 470 53 254 47 132 60 451 48 256 2 85 98 454 98 450 33 146 67 199 50 468 58 420 35 236 12 478 20 57 66 439 62 298 33 123 47 176 64 128 24 329
149 25 587 49 424 15 150 88 270 51 323 90 43 57 147 11 324 4 141 1 221 54 371 52 419 79 463 51 180 97 447 94 322 6 25 77 11 59 429 23 23 48 132 37 162 54 71 78 346 15 152 41 6
150 25 470 61 205 62 271 85 228 7 216 2 431 3 461 40 412 22 283 15 429 99 389 69 383 47 152 70 119 55 178 36 108 30 161 51 498 91 208 63 432 20 256 5 288 42 85 44 402 69 225 12 267
151 25 58 55 374 82 190 41 9 74 273 8 90 51 462 5 306 91 265 86 82 52 30 38 129 35 280 10 212 46 145 35 131 10 389 63 174 55 232 90 218 29 110 47 63 44 219 83 168 12 38 26 54
152 25 1198 85 423 15 70 81 90 40 195 42 204 41 321 73 355 15 241 26 92 7 387 47 278 11 185 10 178 95 72 32 317 16 73 47 42 98 87 74 152 61 290 29 215 42 300 19 410 16 163 85 352
153 25 794 5 448 96 205 7 378 79 417 46 264 9 481 29 363 30 376 29 336 33 451 9 302 99 366 37 160 90 122 96 277 72 370 34 121 94 76 81 438 25 44 93 47 52 68 13 359 65 364 25 357
154 25 846 6 321 59 314 46 401 25 292 68 94 3 262 54 412 55 309 80 254 16 422 28 217 24 380 41 100 46 303 47 71 90 228 64 247 22 158 25 152 64 272 22 305 85 232 20 415 74 467 32 409
155 25 1281 36 431 59 367 79 471 19 212 41 196 8 294 31 62 3 97 50 378 56 115 33 260 29 278 59 300 83 96 34 68 76 480 59 89 91 140 96 410 25 498 25 240 83 187 27 96 17 240 78 290
156 25 1238 80 496 25 17 3 435 87 53 81 426 22 280 8 169 68 162 75 368 27 162 44 114 40 297 22 391 74 224 64 46 43 164 92 342 83 250 19 104 13 432 83 267 86 24 95 134 82 24 74 185
157 25 88 51 2 7 37 52 440 78 219 63 370 58 355 63 187 14 234 16 123 82 60 16 238 60 441 48 395 4 8 13 248 55 37 35 387 78 145 14 187 58 431 9 310 18 87 50 429 18 64 53 282
158 25 924 62 8 90 495 52 485 58 155 17 473 48 132 91 327 75 340 46 158 56 434 42 262 78 499 62 348 42 479 8 301 20 467 17 479 64 206 85 428 26 77 60 175 21 440 81 491 8 273 30 135
159 25 816 74 459 25 371 69 259 4 461 80 214 22 96 48 306 19 68 91 129 12 468 46 282 6 451 41 426 38 101 25 339 55 458 65 222 88 19 2 268 44 367 7 245 45 143 7 431 71 164 29 161
160 25 127 52 85 61 390 63 400 92 252 86 314 22 219 42 195 55 326 98 271 31 221 13 422 42 187 39 122 5 151 91 216 54 408 59 484 47 381 87 12 21 482 85 466 99 387 1 7 17 311 24 218
161 25 1266 65 5 99 230 2 218 30 311 23 421 68 85 76 386 48 3 71 483 95 420 25 447 38 27 2 89 7 149 53 256 36 441 2 260 63 385 9 46 51 427 51 13 26 356 54 424 58 250 1 146
162 25 742 18 18 30 331 5 217 88 59 34 300 67 410 84 140 65 289 64 390 31 327 28 212 98 106 53 166 92 456 40 279 10 189 99 321 83 367 9 306 11 147 17 99 49 294 33 453 84 411 33 51
163 25 702 76 450 8 454 54 457 56 401 43 369 54 227 76 384 81 139 56 21 87 310 65 253 91 483 97 325 76 488 20 494 63 489 69 210 47 476 12 155 85 495 42 148 12 141 75 496 78 130 90 477
164 25 173 61 125 36 158 37 427 41 297 15 78 86 148 59 141 25 266 80 232 77 497 27 54 23 7 82 481 20 150 68 166 13 190 40 476 8 244 62 265 75 122 3 274 72 453 79 334 21 258 17 9
165 25 1277 55 2 35 191 47 382 67 210 95 454 97 244 96 347 46 104 94 60 39 82 68 252 27 274 31 376 72 302 4 194 11 17 80 310 85 351 40 444 92 265 97 384 15 421 91 191 80 43 74 437
166 25 385 5 393 41 335 54 288 1 85 19 424 91 333 56 285 76 135 62 209 59 442 19 199 18 182 45 345 66 491 61 283 27 203 78 167 24 464 59 384 83 76 45 178 46 421 84 59 79 263 98 177
167 25 119 68 149 48 238 48 62 60 69 75 128 48 414 80 479 25 233 58 119 23 340 42 5 6 281 70 94 9 172 54 315 41 238 82 89 60 331 38 383 3 153 60 66 53 298 49 59 12 23 30 216
168 25 97 40 145 17 468 43 358 53 498 63 23 10 203 54 336 65 453 16 35 29 414 30 66 77 8 17 149 57 18 39 257 56 400 48 272 93 282 56 362 27 389 37 18 8 374 66 262 8 301 73 325
169 25 1269 56 497 1 278 34 209 15 67 40 431 10 449 51 418 33 62 91 9 58 69 38 114 88 437 16 18 14 198 9 130 9 41 17 382 13 1 2 95 54 231 57 1 83 130 21 405 74 149 96 358
170 25 686 66 32 19 3 3 144 38 146 65 487 58 472 68 47 30 454 95 296 15 436 10 108 97 471 53 144 70 468 86 414 71 346 70 374 76 470 27 219 51 232 86 128 37 372 66 245 1 256 61 161
171 25 416 11 331 54 166 99 213 26 381 69 158 43 298 65 146 27 238 99 225 15 101 71 16 86 172 48 16 72 214 48 115 66 135 2 158 91 284 40 150 35 170 83 108 12 487 60 310 57 70 60 284
172 25 800 45 398 59 462 48 371 54 228 25 459 86 119 15 199 22 209 8 478 82 16 54 345 28 91 76 99 25 136 43 468 2 97 37 386 23 488 87 129 23 440 70 209 73 172 86 259 62 77 96 303
173 25 728 50 67 50 420 88 222 3 224 35 384 69 128 31 120 66 158 30 418 50 204 56 135 98 366 88 129 19 472 19 3 80 35 12 379 94 301 7 105 39 342 87 189 42 319 66 342 38 58 10 415
174 25 593 59 287 30 98 54 198 18 198 62 433 38 193 4 335 17 375 6 498 15 393 37 386 87 492 64 63 70 314 70 442 39 370 11 47 92 199 83 163 99 496 96 51 68 242 67 286 67 429 76 365
175 25 354 5 394 21 287 53 372 10 192 32 267 75 399 78 445 3 447 20 73 8 186 7 253 91 107 8 403 20 15 70 171 74 260 55 354 88 309 49 296 32 221 84 33 42 482 48 182 85 419 12 10
176 25 1035 37 492 82 230 15 408 16 182 82 165 92 498 90 218 82 91 76 481 36 345 54 485 13 135 21 498 16 121 95 303 11 254 67 59 16 451 65 292 12 27 26 447 64 344 90 23 18 447 86 242
177 25 1149 39 419 19 344 53 208 69 188 92 441 87 78 58 485 37 188 4 193 46 400 22 297 43 99 53 490 5 416 81 481 98 253 19 397 63 2 62 186 96 149 85 374 95 166 92 159 33 41 58 373
178 25 760 51 218 83 280 47 121 65 438 77 136 80 177 13 178 52 85 73 134 66 51 8 55 71 148 10 319 15 402 84 458 27 311 9 329 34 380 87 328 11 205 36 26 54 381 10 204 98 95 14 382
179 25 1004 33 158 52 55 98 417 74 439 52 405 98 180 39 363 81 12 14 80 29 149 5 293 81 489 80 337 82 451 94 111 64 434 48 53 76 259 50 195 16 74 17 319 60 423 77 453 65 114 56 223
180 25 573 63 302 70 498 80 445 85 298 86 175 5 432 21 357 44 247 65 404 63 157 71 445 53 421 53 39 2 420 40 28 19 411 94 236 85 173 81 284 92 11 82 370 62 202 75 140 3 361 42 331
181 25 901 84 195 70 144 71 303 56 488 56 12 61 214 33 239 97 273 98 20 56 306 21 117 13 200 38 203 71 263 48 158 35 278 87 447 34 113 77 295 90 466 37 107 85 93 12 37 48 257 51 321
182 25 656 22 452 40 200 97 440 39 378 62 435 88 457 95 150 84 404 55 196 3 425 68 282 98 314 11 192 79 91 27 96 62 382 79 24 14 74 87 242 57 159 39 489 52 4 32 10 37 277 30 3
183 25 855 85 332 2 386 33 382 46 84 44 338 43 326 58 360 78 275 78 302 74 36 12 427 37 474 34 456 98 73 62 473 65 203 73 408 41 111 47 312 11 337 77 470 86 187 23 392 60 151 42 249
184 25 265 85 41 88 363 7 74 63 440 3 124 9 476 93 303 22 155 75 301 99 443 55 293 56 420 99 71 56 52 88 376 92 309 58 249 42 308 48 60 92 169 33 20 87 438 61 9 5 303 51 183
185 25 841 91 488 28 329 23 397 90 142 47 130 74 143 58 213 83 301 27 428 51 133 39 142 53 227 23 177 77 314 94 361 53 240 97 130 66 248 1 476 50 90 66 136 72 380 58 127 24 191 65 206
186 25 1168 53 422 87 246 19 130 4 385 10 197 45 340 11 439 76 247 2 32 8 208 87 71 60 332 11 301 53 396 50 124 10 494 27 468 87 445 53 185 14 324 40 176 44 50 69 429 17 237 87 190
187 25 55 31 236 68 363 4 307 68 411 72 250 48 392 13 400 94 251 29 146 96 401 77 411 15 325 82 341 59 201 61 409 64 489 38 154 48 393 98 442 41 451 54 110 61 351 62 68 26 57 71 32
188 25 878 68 263 12 489 92 86 50 130 58 236 26 231 10 117 28 397 43 209 16 203 27 220 82 411 77 183 36 199 71 260 44 171 4 144 69 88 77 127 1 283 29 234 12 172 77 1 67 498 18 106
189 25 181 86 381 37 82 79 221 66 46 48 396 81 274 81 209 67 121 12 207 92 28 31 487 32 469 41 262 25 481 6 253 84 332 3 347 42 373 35 422 75 137 31 290 89 198 54 303 92 381 78 270
190 25 175 9 467 68 423 29 246 35 249 10 189 9 319 10 254 75 302 46 487 49 47 57 241 69 132 58 496 80 123 88 16 48 296 1 140 64 52 98 138 72 260 42 422 81 94 47 40 97 436 11 236
191 25 764 82 48 76 140 78 436 17 418 67 57 92 277 7 149 93 409 66 300 93 230 22 413 88 32 19 475 80 373 7 267 29 419 67 137 16 29 32 474 62 461 17 337 13 354 58 49 51 492 91 31
192 25 814 28 187 57 105 90 24 33 286 4 185 30 172 81 387 64 228 74 27 81 433 50 129 24 359 62 68 73 183 7 82 59 377 48 364 73 228 39 418 94 413 94 124 58 453 56 199 92 446 4 346
193 25 752 91 498 17 190 65 40 24 3 79 39 78 133 80 229 11 233 93 195 12 152 17 490 42 22 29 496 70 358 23 315 28 327 15 254 96 118 51 20 27 76 62 7 27 373 84 322 86 365 92 233
194 25 467 61 48 24 46 6 458 94 55 60 218 88 206 81 261 84 244 40 107 36 83 6 99 2 98 38 100 60 457 93 306 37 3 86 417 25 135 9 307 7 61 34 430 63 168 47 120 80 406 86 4
195 25 919 14 325 62 267 99 226 60 332 47 499 61 361 94 338 43 229 13 309 68 456 41 286 91 428 79 336 64 297 34 175 58 415 18 10 73 468 45 31 18 312 90 232 47 23 59 472 46 317 41 113
196 25 846 62 444 86 24 23 229 13 94 8 98 33 333 91 279 72 83 51 88 13 107 70 315 19 384 78 149 13 32 15 208 50 21 9 231 5 261 83 198 92 35 71 394 42 499 39 52 63 103 24 65
197 25 856 83 344 58 215 81 466 23 369 92 182 55 79 28 89 52 263 58 212 55 186 6 24 51 320 2 426 62 232 23 79 42 73 57 32 71 185 27 59 85 409 99 460 12 433 29 417 63 269 55 492
198 25 1065 11 387 8 32 36 372 64 60 28 164 19 251 97 450 51 11 51 363 27 209 91 491 98 210 55 152 50 3 58 146 86 56 36 155 70 420 36 11 79 13 32 315 10 116 55 494 7 41 77 91
199 25 997 68 438 92 183 77 388 36 497 5 161 53 78 2 175 84 16 96 224 41 340 66 237 95 24 38 264 18 100 20 204 86 89 83 196 25 202 91 5 92 206 90 328 47 241 71 369 39 471 25 415
200 25 96 97 122 16 380 26 335 43 108 83 245 76 148 6 412 80 121 23 472 75 434 79 379 79 214 7 163 28 166 77 224 12 265 96 276 32 435 77 459 11 102 51 397 78 121 48 236 43 305 7 428
201 25 410 66 441 17 208 9 174 33 207 90 10 37 250 35 10 4 294 26 142 70 60 12 36 92 47 21 179 90 339 14 350 53 29 15 499 45 359 51 43 96 75 43 447 18 261 64 81 4 309 29 21
202 25 1238 28 144 59 351 65 314 95 369 67 497 41 291 54 271 4 248 89 186 86 66 4 422 49 422 48 412 47 271 17 62 60 404 21 314 5 246 84 43 14 88 40 4 99 357 79 332 81 293 54 480
203 25 813 37 465 63 390 61 122 40 191 23 115 91 89 4 275 48 425 27 80 77 45 67 205 54 449 40 155 32 368 9 237 60 24 17 203 67 491 51 494 41 270 34 258 58 448 87 217 79 261 32 73
204 25 742 40 405 74 290 17 90 15 239 91 372 47 33 78 444 80 451 7 181 58 191 96 221 24 134 55 141 79 424 71 151 79 494 16 359 53 102 40 30 8 377 70 34 10 279 91 108 77 259 27 268
205 25 1013 7 373 45 352 17 170 20 85 33 92 24 445 50 222 94 185 30 114 65 304 27 365 86 31 63 211 83 246 15 135 77 484 8 176 66 145 99 442 90 369 38 316 69 224 70 48 42 477 4 54
206 25 387 64 85 69 399 39 484 43 108 62 120 25 379 88 425 20 315 76 93 14 73 16 317 63 303 29 122 8 270 18 493 6 267 16 310 92 347 49 297 58 480 32 332 37 168 20 330 10 118 43 361
207 25 559 28 189 70 256 63 231 76 395 75 198 24 353 18 177 31 363 6 333 46 366 18 310 31 393 70 126 81 265 82 437 45 289 46 406 60 107 1 179 57 61 26 403 34 380 67 118 88 240 96 272
208 25 695 52 162 36 299 43 441 22 200 1 204 80 55 49 483 93 128 4 24 85 75 4 86 3 334 81 187 22 276 88 441 75 492 61 123 60 411 27 474 9 97 37 202 81 422 53 18 66 493 43 337
209 25 833 41 68 38 21 16 249 54 245 23 218 13 265 91 152 13 106 11 269 26 6 69 76 37 210 27 425 23 177 11 2 63 337 22 458 92 367 32 498 96 444 49 110 93 433 64 428 64 498 15 430
210 25 85 73 183 32 3 29 472 33 204 11 250 26 100 83 8 76 122 17 363 61 204 34 87 56 238 26 245 84 370 61 263 46 341 73 334 82 135 13 129 34 127 22 232 17 29 99 440 82 295 47 167
211 25 1078 7 95 25 435 78 305 78 132 36 124 92 412 61 237 83 45 53 317 28 271 11 219 52 270 71 39 16 391 28 459 37 300 12 382 6 397 67 111 94 490 28 415 21 255 93 238 89 452 19 41
212 25 752 96 445 99 166 67 281 46 83 57 405 96 242 51 363 38 233 53 372 74 189 20 188 20 494 2 471 42 275 51 93 41 330 40 226 12 74 29 197 12 466 37 249 27 180 70 26 3 292 31 288
213 25 1243 83 271 23 462 68 125 17 293 27 342 32 53 78 233 22 431 44 415 5 233 32 158 45 295 87 81 5 161 46 256 48 427 12 363 29 431 24 413 37 205 12 198 68 193 99 494 58 169 73 337
214 25 625 75 463 38 9 17 56 64 7 13 372 97 361 22 49 70 339 6 382 63 114 76 74 59 51 53 379 16 89 81 394 31 485 13 449 25 447 91 193 4 99 42 185 37 147 17 383 15 173 76 191
215 25 718 53 174 4 376 41 486 54 33 88 405 41 175 21 313 14 44 71 184 20 367 42 453 4 155 91 368 55 489 67 126 75 22 9 76 45 145 98 481 79 53 3 96 63 321 85 64 38 211 21 62
216 25 1171 24 438 14 335 67 432 14 303 47 216 70 43 58 229 76 306 31 446 23 305 64 369 12 495 88 4 18 448 49 194 25 354 27 74 46 328 61 341 56 245 10 461 72 245 11 147 73 2 57 83
217 25 391 78 46 70 258 97 24 42 282 51 317 64 293 65 257 60 42 58 383 73 276 61 215 15 183 72 345 33 327 53 177 41 291 25 334 74 77 74 381 23 303 36 231 19 258 47 377 23 164 41 151
218 25 1137 20 20 69 175 51 264 73 161 71 471 99 17 8 137 49 267 12 429 70 490 30 364 73 7 49 66 74 484 85 450 93 331 87 74 96 127 16 438 72 306 87 180 54 31 49 107 60 438 44 3
219 25 527 72 83 79 64 96 152 53 80 68 483 39 214 91 356 62 452 17 235 58 467 55 132 97 415 2 113 21 26 88 374 21 467 60 49 16 30 11 347 22 403 57 194 4 134 87 122 82 19 67 418
220 25 787 55 298 27 324 10 125 48 412 90 363 34 7 60 481 34 270 21 115 19 150 92 162 18 280 81 287 2 165 3 421 57 454 84 143 72 223 8 37 43 389 35 220 31 29 70 156 6 48 84 439
221 25 799 8 68 45 280 20 236 65 337 86 346 85 353 25 457 43 350 37 379 55 51 2 463 86 444 16 432 57 57 72 336 32 169 49 57 81 159 2 281 36 225 44 207 25 162 96 216 44 267 89 301
222 25 623 69 173 71 452 58 125 49 309 99 76 73 129 23 354 35 69 82 224 32 262 16 73 76 227 31 151 5 278 4 280 75 31 45 153 44 47 33 488 22 49 57 168 10 67 55 440 9 129 29 1
223 25 1213 38 307 61 115 12 52 8 200 85 40 26 326 48 148 43 470 32 102 69 32 47 360 55 35 44 90 19 49 38 205 71 326 89 261 77 2 63 348 83 22 54 84 64 467 30 47 87 311 40 62
224 25 840 38 104 83 362 71 373 85 345 66 129 1 191 15 353 87 268 66 390 55 220 53 209 95 421 23 236 94 171 82 275 46 10 41 128 94 336 64 265 2 193 15 342 9 64 8 232 58 76 35 30
225 25 551 94 399 95 449 18 76 3 61 75 354 6 22 84 84 35 104 54 493 27 168 14 323 44 255 97 492 54 297 67 432 29 306 47 126 27 283 69 320 14 19 10 299 82 46 92 162 41 252 50 346
226 25 1293 65 379 59 65 83 427 55 208 7 481 34 220 34 29 6 149 94 475 24 342 14 384 3 310 99 475 43 418 86 197 2 88 36 445 76 128 40 74 16 382 28 104 41 473 14 273 94 164 2 179
227 25 54 8 219 67 70 17 71 67 479 98 203 9 65 85 489 17 228 84 341 10 316 55 260 2 258 47 473 30 377 39 260 19 161 41 293 62 213 25 251 98 189 40 225 67 239 66 306 38 451 77 73
228 25 937 40 20 98 363 52 322 55 448 99 189 82 355 63 498 9 409 18 268 55 189 48 244 84 67 36 469 30 17 78 435 46 174 64 174 96 221 89 235 5 237 9 81 73 426 27 163 34 200 31 379
229 25 1064 16 10 84 188 7 84 45 163 5 9 19 271 85 486 40 270 64 477 11 395 28 279 83 102 25 358 63 278 79 323 33 24 48 331 7 6 65 301 38 468 96 84 73 88 58 445 69 58 2 179
230 25 128 88 356 31 136 75 66 35 156 72 199 98 479 13 44 88 389 25 434 40 389 87 313 16 180 30 346 53 29 2 143 62 316 17 408 93 295 9 431 71 316 22 48 81 239 39 324 12 278 97 274
231 25 834 52 160 57 481 77 297 51 178 80 306 34 485 83 227 83 479 79 255 95 17 9 494 44 218 98 402 4 25 49 268 92 180 1 468 53 286 63 27 3 149 49 37 3 356 90 147 69 497 70 184
232 25 731 40 392 78 378 77 489 3 354 7 104 26 126 44 208 46 332 92 74 83 411 41 415 16 2 53 184 37 391 61 341 35 261 20 86 30 199 75 199 84 226 83 467 18 479 31 375 25 453 14 167
233 25 190 75 49 66 41 85 413 6 69 82 284 67 360 37 308 74 236 85 469 34 286 23 440 52 462 47 175 64 255 46 21 40 288 8 247 32 74 55 439 20 119 48 314 3 297 97 414 20 153 20 67
234 25 402 93 191 51 100 94 475 41 334 83 323 23 124 79 29 43 350 41 23 64 98 32 298 75 301 15 402 88 112 47 7 57 200 71 271 2 243 24 490 34 147 84 101 74 427 9 14 82 457 31 188
235 25 964 85 460 60 311 6 81 51 306 28 75 78 300 71 266 63 317 70 148 69 238 59 305 9 481 70 44 9 210 74 318 98 38 71 289 27 445 34 273 81 204 14 422 93 14 30 218 27 5 33 289
236 25 1255 83 55 6 459 31 469 75 361 36 62 22 351 6 120 56 411 68 304 44 433 1 333 47 165 30 63 79 257 29 214 34 36 66 286 51 101 56 429 1 213 54 301 63 372 49 350 57 416 84 52
237 25 794 36 316 13 357 47 85 68 459 78 126 30 493 48 471 42 451 75 99 88 243 84 160 51 283 69 330 16 14 4 491 88 90 78 382 79 109 59 258 99 96 34 29 52 442 48 250 66 216 7 103
238 25 167 17 80 57 159 29 221 1 272 46 186 22 359 57 184 90 151 84 373 56 320 21 73 39 283 50 348 90 142 44 355 92 207 3 448 3 467 1 436 41 447 24 141 33 134 66 169 58 100 38 204
239 25 210 3 10 17 241 29 443 20 294 84 56 73 36 7 442 62 202 59 171 99 395 96 419 21 36 13 251 52 237 22 40 4 320 58 291 91 258 4 206 70 274 74 399 55 372 44 456 11 210 40 409
240 25 579 77 373 24 248 86 22 18 242 3 97 3 333 58 386 45 361 11 156 57 1 32 446 21 354 30 258 70 119 73 294 31 10 61 388 40 289 75 131 82 293 74 474 50 272 70 350 45 286 38 61
241 25 72 69 111 87 171 28 25 1 310 18 427 21 44 19 214 29 414 71 313 73 453 61 288 16 315 59 203 46 260 13 46 49 171 76 422 35 358 46 322 56 153 9 168 8 377 67 273 21 39 40 101
242 25 676 28 283 90 166 26 419 17 57 33 21 38 164 26 235 71 143 67 343 23 45 43 461 76 1 73 145 52 223 37 382 68 161 35 51 84 259 95 299 31 350 65 452 13 288 94 400 2 9 34 53
243 25 267 26 123 72 244 76 157 54 168 3 13 91 209 61 87 61 124 8 482 4 396 28 318 7 144 21 370 8 245 7 126 68 164 10 244 56 183 76 196 47 175 98 76 15 458 81 12 12 203 35 11
244 25 135 72 171 3 370 20 435 11 468 48 389 10 490 34 158 47 385 79 350 85 314 65 295 34 284 33 389 33 182 54 345 12 55 38 30 58 343 12 167 1 78 34 425 38 85 82 187 44 35 60 321
245 25 281 27 39 75 5 68 95 84 234 3 399 20 29 65 372 84 306 78 375 26 114 58 277 71 94 7 9 20 486 38 474 52 432 50 472 91 241 17 481 28 212 78 294 96 193 28 32 44 113 64 16
246 25 1224 51 455 67 223 6 385 37 486 88 470 7 158 56 81 63 416 36 358 44 362 26 346 59 254 23 148 44 459 52 7 47 388 60 463 41 453 68 488 65 478 26 80 77 433 64 386 35 92 99 176
247 25 676 80 2 35 7 40 217 16 90 25 92 32 128 37 486 68 38 33 14 43 37 73 79 82 415 60 181 63 262 18 302 92 186 82 316 31 177 58 74 13 138 96 277 79 69 58 456 78 430 19 152
248 25 744 16 216 61 304 46 116 12 95 15 357 27 310 41 5 94 457 82 305 35 194 64 256 11 414 40 443 25 375 39 357 93 415 18 465 55 107 6 214 1 52 53 264 77 482 48 131 63 76 47 176
249 25 801 74 156 74 401 66 193 5 350 23 29 16 329 56 327 30 162 69 194 48 61 67 205 73 142 36 404 42 245 79 386 75 397 90 182 62 177 52 250 51 151 34 281 21 304 97 103 70 468 62 261
250 25 1136 10 429 2 189 80 349 17 289 54 353 17 279 38 147 67 84 33 293 27 116 31 134 97 286 20 438 37 63 38 431 41 252 84 101 1 138 27 264 26 316 94 473 17 176 28 230 6 221 50 81
251 25 421 51 9 54 237 68 13 22 197 18 320 22 484 88 218 43 33 23 246 87 289 23 278 33 27 73 181 43 417 30 184 46 162 56 100 23 63 35 4 30 497 60 36 20 338 11 82 40 124 17 169
252 25 55 30 235 55 126 67 89 9 132 86 154 50 124 44 156 97 402 53 101 85 222 26 315 63 374 42 16 89 333 72 13 33 292 28 70 4 483 69 49 42 289 12 1 76 168 12 343 88 99 21 300
253 25 142 11 360 41 82 11 112 69 158 66 376 5 216 37 476 66 222 96 104 50 55 99 83 15 31 20 307 53 252 38 79 71 366 89 311 47 238 16 301 22 297 52 209 1 221 84 289 91 226 6 169
254 25 299 8 278 12 57 29 476 45 110 31 177 91 40 64 182 99 64 5 260 26 355 18 308 69 316 63 10 22 307 52 427 23 434 89 480 25 98 6 394 71 231 25 97 64 269 64 143 39 121 12 293
255 25 1053 7 412 12 101 27 424 16 251 33 408 71 357 74 422 35 403 47 308 29 424 98 2 24 444 61 201 9 404 94 82 84 120 87 471 22 71 90 493 16 69 8 432 64 93 62 497 15 19 26 230
256 25 785 88 320 19 130 68 60 65 491 80 116 23 255 69 498 13 169 3 441 71 367 35 155 39 47 1 106 42 497 47 168 18 58 95 444 66 479 28 424 89 273 4 274 16 340 86 443 28 310 99 364
257 25 1292 8 54 6 197 58 93 88 463 73 84 85 134 27 319 20 349 70 262 58 342 21 374 39 16 5 83 84 284 82 222 55 9 97 462 20 272 77 209 77 187 26 351 18 462 35 142 59 267 59 447
258 25 578 30 412 1 71 59 360 9 388 46 316 93 411 94 153 54 291 93 342 37 296 58 372 40 243 24 214 55 223 11 313 79 450 78 362 53 44 5 315 75 411 94 401 24 185 62 430 52 405 68 479
259 25 1118 5 469 83 152 7 151 63 365 14 241 13 453 37 485 54 217 89 430 6 129 9 437 67 408 41 61 72 220 70 83 7 471 26 18 44 241 46 181 30 140 50 174 53 321 76 184 23 275 53 291
260 25 578 40 182 29 241 73 379 56 492 26 105 83 398 76 38 79 474 27 238 75 173 35 435 47 4 38 243 84 233 35 94 32 450 55 400 66 82 81 397 77 167 49 186 45 308 96 90 55 419 84 18
261 25 547 84 170 51 231 33 419 95 182 35 498 28 162 61 349 81 327 6 276 63 58 32 77 29 395 11 234 84 257 99 360 50 174 2 207 68 387 30 103 1 72 5 479 77 177 36 493 60 481 21 243
262 25 1115 60 353 55 197 10 59 70 326 29 346 88 447 52 164 25 81 44 293 88 413 1 466 3 384 41 150 35 130 62 69 15 385 23 118 41 236 41 226 74 289 69 1 20 482 17 372 78 465 98 407
263 25 1225 53 13 85 184 6 318 92 152 45 375 25 40 9 14 16 251 85 264 44 417 2 119 72 198 92 91 61 430 48 108 38 176 58 477 6 130 52 438 86 269 69 208 72 208 25 219 58 304 34 276
264 25 1179 82 121 19 368 65 212 72 342 26 122 55 266 72 285 48 62 20 176 53 321 82 30 39 4 76 492 18 142 45 220 71 471 91 215 78 118 20 404 14 257 79 102 97 217 23 176 64 442 43 396
265 25 804 68 95 62 197 48 149 37 218 5 281 50 272 59 178 94 255 88 392 57 272 15 131 92 144 65 406 28 127 13 3 92 165 49 312 80 270 13 499 67 382 25 205 76 269 36 431 13 169 53 307
266 25 296 86 116 46 319 22 9 87 397 84 442 58 24 77 381 24 82 87 115 27 196 65 439 41 351 82 37 24 53 6 50 38 21 74 410 73 214 50 86 27 199 14 455 71 318 71 494 80 167 57 146
267 25 165 79 241 33 187 56 29 7 407 57 99 21 69 51 86 63 366 78 82 54 147 17 272 7 279 84 55 51 495 21 262 28 44 28 297 19 319 1 126 16 314 36 115 96 397 62 318 2 248 54 374
268 25 52 97 168 4 120 3 277 9 81 44 145 32 220 38 101 52 49 64 387 55 338 56 455 57 242 86 281 61 139 82 122 7 331 13 252 96 30 99 110 49 407 11 395 85 318 53 210 78 315 45 123
269 25 437 30 62 51 22 89 2 99 258 8 257 55 116 90 69 48 355 68 205 87 83 72 175 38 303 98 336 1 345 32 147 98 100 33 161 72 233 60 499 10 469 24 260 99 441 29 230 41 39 34 56
270 25 521 22 179 88 290 30 225 90 278 51 346 11 301 8 45 80 371 25 483 38 183 73 499 38 280 4 275 53 481 16 405 26 19 55 176 18 75 74 119 2 169 90 331 42 73 32 129 16 47 32 342
271 25 328 55 375 46 497 41 218 6 323 70 181 70 263 31 333 38 356 2 373 8 109 52 348 7 7 90 138 93 408 48 377 25 367 6 64 80 14 89 201 3 375 32 63 68 268 6 75 57 300 54 79
272 25 536 73 260 19 379 37 446 88 249 1 378 86 232 23 105 41 142 81 437 61 243 81 248 12 244 52 88 77 454 57 174 94 184 78 341 7 361 5 159 48 444 98 314 76 267 52 463 87 66 14 489
273 25 702 82 385 51 79 88 2 19 499 16 364 4 477 28 324 18 237 29 367 16 214 3 63 60 341 22 74 63 165 33 13 7 270 5 203 65 459 18 452 26 343 69 419 18 264 5 340 72 405 35 6
274 25 1043 82 131 27 21 98 450 32 303 34 301 62 473 83 69 88 293 58 464 93 161 91 401 48 43 50 402 85 159 97 15 3 463 91 148 62 185 79 467 21 116 83 265 39 447 18 436 14 479 34 484
275 25 1233 24 219 29 342 58 314 34 18 9 221 35 183 36 158 65 363 80 29 25 8 16 32 36 329 5 208 81 163 74 206 19 303 16 67 31 385 32 493 24 91 24 72 45 225 33 388 95 145 46 206
276 25 375 16 250 50 471 42 231 60 90 25 71 63 239 73 209 55 183 68 409 83 254 36 13 15 408 61 283 57 481 31 429 11 468 17 351 25 65 84 196 14 115 37 444 41 37 68 110 90 210 58 102
277 25 121 96 452 6 283 6 225 32 329 78 449 47 288 57 44 21 281 42 268 13 350 19 357 11 467 2 84 11 194 21 486 73 445 99 392 36 336 56 257 24 376 49 490 34 191 26 278 30 11 78 387
278 25 918 63 149 3 82 69 329 22 335 11 466 51 217 69 472 49 259 97 164 70 292 80 278 39 118 30 302 2 203 22 187 23 308 14 95 38 97 49 85 57 329 90 216 13 496 71 135 42 173 29 305
279 25 570 11 446 40 197 75 76 90 373 54 57 2 370 27 308 55 207 50 439 96 457 21 283 69 163 39 489 64 323 52 327 13 187 27 461 57 452 14 46 41 456 52 210 34 278 99 120 62 7 15 369
280 25 508 84 105 86 261 91 455 15 379 55 385 66 241 73 47 26 457 30 280 78 172 98 85 26 273 34 485 3 114 41 3 13 287 9 336 5 108 27 439 10 47 62 449 67 91 6 476 57 103 73 381
281 25 390 39 340 17 28 61 410 19 137 73 116 91 342 28 323 27 2 50 170 49 188 48 198 87 117 8 247 9 174 81 218 63 42 22 104 96 186 82 83 18 207 37 213 29 477 22 196 45 64 83 93
282 25 1268 63 55 93 340 27 437 77 317 92 362 55 247 80 120 87 458 16 56 12 227 52 251 28 438 21 388 75 257 73 455 8 150 83 178 64 48 86 355 22 172 24 139 43 289 65 423 10 443 87 82
283 25 1140 30 331 2 138 52 256 19 480 81 460 82 415 45 296 76 65 30 388 76 492 60 70 74 208 28 388 48 43 27 253 34 389 28 406 43 493 95 147 28 113 67 287 62 419 68 297 52 270 43 279
284 25 819 48 418 16 422 80 309 46 193 11 331 12 353 55 330 16 87 41 229 97 58 22 185 19 1 25 59 50 170 97 148 4 294 91 37 10 289 34 178 91 195 29 66 15 252 48 100 87 421 34 347
285 25 470 87 295 7 377 38 293 91 262 72 371 39 265 6 458 89 66 90 78 30 242 45 248 23 253 92 186 38 194 73 48 97 103 28 472 61 455 30 7 41 476 55 12 59 397 73 294 76 456 43 65
286 25 1103 70 276 68 257 63 77 74 387 33 43 80 411 2 382 23 8 52 326 4 313 1 251 29 392 23 440 96 284 64 49 20 237 60 90 83 493 66 187 26 226 56 233 58 159 72 348 94 149 75 485
287 25 219 74 394 58 135 47 148 25 499 32 101 76 387 58 199 84 8 95 386 62 360 23 155 66 61 39 429 7 455 18 268 15 224 38 4 97 435 79 458 9 277 92 24 74 406 72 415 13 326 22 207
288 25 210 88 454 28 378 6 403 25 375 58 245 65 17 30 273 57 405 24 387 31 498 71 6 68 164 85 117 78 54 86 176 6 193 74 280 30 103 57 484 36 361 25 203 28 408 80 51 53 186 90 407
289 25 1280 14 289 44 144 79 424 77 299 87 100 69 213 42 204 32 485 9 37 44 72 40 308 91 367 96 427 10 331 61 370 94 173 17 172 56 168 83 182 53 454 86 277 75 69 61 359 50 376 51 317
290 25 664 93 135 21 46 36 497 49 342 81 206 65 201 1 12 14 174 36 472 24 432 36 42 11 277 33 161 24 382 43 355 4 306 75 379 83 47 81 246 83 496 70 197 63 407 7 277 41 396 20 230
291 25 797 22 358 21 448 95 319 30 74 84 487 35 130 60 167 7 346 17 2 98 291 22 439 26 212 71 365 38 465 83 336 75 494 32 250 89 402 24 374 8 414 51 239 34 283 90 148 67 264 97 311
292 25 445 66 143 65 312 44 202 87 29 77 142 21 400 38 263 11 344 85 176 77 240 18 449 16 482 31 152 27 400 71 392 27 319 88 389 31 53 70 337 59 433 89 440 67 308 9 382 34 467 93 89
293 25 225 20 396 74 76 22 311 57 376 76 286 92 365 92 473 69 166 68 259 47 466 59 458 15 1 58 351 6 95 51 107 81 355 63 226 13 183 50 48 48 204 33 111 76 104 67 435 20 142 13 165
294 25 899 31 102 78 476 5 128 40 318 62 261 4 295 8 332 5 358 52 485 31 426 65 339 6 248 38 119 12 80 40 307 14 127 35 315 16 106 30 230 7 362 16 135 44 254 6 51 7 227 3 174
295 25 526 25 223 20 243 95 428 96 282 65 376 62 45 31 183 18 439 13 161 33 490 44 62 47 446 78 436 84 34 89 268 40 393 99 318 40 11 32 332 46 8 8 51 7 97 73 358 12 414 7 472
296 25 1027 52 103 33 425 13 107 24 431 45 121 42 33 52 87 98 204 9 85 71 145 31 461 38 108 5 334 88 37 46 20 4 71 91 140 52 78 39 280 1 111 98 302 78 273 91 177 7 58 51 102
297 25 123 75 178 44 294 76 335 5 334 92 13 58 9 97 219 89 497 99 462 75 401 24 142 9 329 95 90 1 491 19 61 4 278 32 372 19 101 21 173 57 329 78 44 5 400 94 393 49 454 58 207
298 25 1061 63 449 8 376 58 135 8 299 70 89 12 7 72 398 81 145 98 188 64 150 54 220 69 27 18 161 96 118 99 162 41 366 14 157 37 206 57 357 68 416 58 25 4 230 61 484 16 56 29 303
299 25 231 21 13 13 266 57 260 49 412 56 358 79 346 46 227 31 92 68 479 51 390 27 418 99 423 98 499 53 135 49 493 90 142 29 217 43 103 85 52 8 180 86 126 96 131 77 46 6 339 52 211
300 25 925 65 280 56 177 57 78 68 388 60 120 33 369 24 225 55 158 30 349 42 255 63 326 99 91 72 260 94 163 8 140 24 332 40 227 4 183 49 484 87 424 87 244 59 72 5 43 12 391 46 334
301 25 79 81 345 27 209 3 275 91 416 54 323 39 104 89 33 74 486 6 498 98 497 83 220 22 126 44 149 2 92 96 326 15 291 76 240 51 169 28 431 87 462 55 175 92 130 93 252 19 241 2 471
302 25 911 68 460 20 255 80 398 21 178 97 317 35 421 75 362 46 262 78 240 15 90 24 28 97 103 51 107 88 386 30 444 41 161 40 212 96 394 37 472 98 44 29 263 10 133 81 454 93 258 82 401
303 25 569 33 497 35 14 62 367 42 71 64 440 62 418 54 49 44 369 76 252 7 408 67 137 78 267 83 6 54 494 90 293 31 99 29 471 23 356 61 433 25 31 21 465 35 446 52 458 82 135 73 463
304 25 1270 5 89 73 499 48 395 51 80 9 49 46 488 9 362 21 71 10 392 92 264 56 220 62 144 43 350 45 422 8 270 19 479 32 428 93 242 71 5 50 303 82 236 51 119 65 347 59 494 15 328
305 25 446 84 212 35 54 87 216 89 207 4 307 76 321 3 204 81 476 71 294 5 445 94 432 24 155 32 271 82 82 13 40 60 430 82 366 79 186 54 251 27 28 79 389 32 52 76 11 68 453 60 250
306 25 842 40 92 19 111 95 58 54 465 34 202 53 267 86 393 43 263 56 371 29 274 13 139 49 352 95 322 65 6 10 29 10 159 72 380 46 307 86 268 81 45 28 337 2 93 78 403 34 498 43 166
307 25 939 3 299 77 410 10 474 52 385 78 344 7 262 9 385 44 280 44 184 5 407 59 326 27 279 70 374 6 278 97 154 40 66 70 55 73 432 12 239 71 272 70 118 63 226 61 175 7 453 67 141
308 25 1172 11 335 51 250 46 117 56 84 9 104 8 304 81 120 33 278 6 1 91 484 70 215 64 327 62 191 31 103 70 454 96 295 63 274 45 245 14 252 94 191 71 57 16 242 93 78 92 111 16 14
309 25 1212 71 37 59 250 65 344 51 460 51 325 12 252 68 448 82 432 69 366 37 457 79 434 1 314 73 137 43 181 40 119 61 145 52 472 54 291 90 147 13 281 33 116 17 227 70 349 60 141 67 50
310 25 794 10 270 74 37 41 376 90 201 83 433 24 119 65 39 28 292 29 180 24 405 42 139 47 130 69 155 84 200 11 445 83 423 47 376 50 429 97 196 8 149 19 475 40 18 73 169 86 22 78 100
311 25 307 12 329 58 264 65 11 88 155 5 319 33 158 81 485 39 157 37 302 28 280 73 490 5 290 48 249 99 342 80 464 83 498 2 38 82 452 23 131 37 190 86 283 27 31 41 47 17 120 13 257
312 25 878 59 131 28 34 8 495 11 311 25 270 60 138 51 156 54 82 81 408 82 138 75 34 57 86 52 190 60 122 2 310 30 355 83 229 12 301 33 163 99 439 49 168 92 176 82 249 63 410 98 85
313 25 60 78 103 95 99 12 81 94 39 62 250 73 115 75 378 64 178 38 437 66 57 89 180 91 69 30 83 65 251 62 469 84 483 87 17 68 435 11 446 72 490 69 278 17 98 34 120 97 19 10 183
314 25 905 54 55 63 312 97 86 57 175 54 112 83 2 96 210 27 365 51 403 69 265 37 258 19 108 85 472 35 491 43 245 14 299 86 189 53 220 78 409 62 398 69 9 57 467 99 149 93 179 73 84
315 25 1073 43 473 78 171 4 109 87 214 89 377 60 202 28 99 94 350 93 477 64 21 64 252 73 73 68 188 2 55 35 188 75 36 52 181 99 135 38 372 71 360 46 210 31 318 15 144 67 88 40 351
316 25 758 19 408 59 497 76 414 57 172 88 167 92 222 96 490 66 290 51 109 73 385 86 76 73 473 58 321 73 230 12 73 89 84 89 367 73 146 82 70 65 325 13 121 46 364 35 430 58 123 90 125
317 25 67 29 305 96 335 33 212 70 433 85 120 69 10 68 415 84 399 16 235 18 423 99 175 48 494 72 272 8 121 96 292 28 84 72 138 19 266 39 404 20 416 48 398 20 155 64 155 59 180 13 251
318 25 321 89 165 70 290 18 290 3 9 21 61 10 481 35 356 68 251 45 489 2 172 36 463 43 415 63 320 52 164 7 156 9 295 66 285 56 233 99 291 3 250 42 435 68 74 7 181 93 412 19 287
319 25 1034 50 310 28 491 70 91 70 191 28 79 83 332 45 482 51 405 80 495 54 360 37 253 96 169 65 257 62 448 24 246 57 379 42 117 46 29 70 397 61 136 41 189 56 154 44 91 9 265 22 354
320 25 785 64 253 58 417 63 440 48 400 22 248 84 466 41 175 82 46 78 233 22 412 94 11 35 456 77 341 44 398 48 430 81 9 54 232 14 323 35 81 58 419 58 373 78 67 39 481 16 490 9 344
321 25 427 44 420 24 198 71 472 37 429 74 254 35 361 65 244 12 299 82 170 45 280 70 191 40 315 61 334 2 141 94 459 8 150 99 147 44 411 94 300 48 471 16 11 22 4 21 314 96 156 3 386
322 25 1109 24 292 2 99 4 417 30 33 54 53 57 475 73 490 25 12 59 391 42 37 25 373 68 8 76 81 82 43 42 29 70 422 26 300 99 263 42 419 98 363 22 119 22 374 49 173 7 288 15 9
323 25 1245 50 439 32 381 31 287 48 430 72 91 83 16 86 234 17 332 23 85 75 344 38 410 16 239 19 426 18 240 58 70 82 444 86 166 22 363 99 412 28 495 46 22 83 289 33 102 29 131 10 285
324 25 775 83 328 33 485 30 57 4 360 8 314 13 223 67 9 17 423 58 305 98 328 86 475 85 466 18 257 38 489 81 6 32 87 30 497 43 101 78 169 87 483 84 123 89 346 35 55 60 389 29 249
325 25 256 46 329 34 398 77 81 33 222 21 71 94 274 64 467 18 41 36 315 65 21 99 120 92 247 70 243 77 327 53 462 37 91 74 357 62 354 92 32 73 378 91 172 89 47 1 128 54 495 77 328
326 25 1028 91 164 65 451 65 306 22 344 18 269 17 377 98 491 78 459 80 225 76 122 50 78 78 156 56 484 59 33 72 496 40 370 25 202 82 311 6 200 3 262 86 84 32 341 58 359 1 314 17 430
327 25 462 44 377 1 341 51 47 45 414 26 6 74 372 75 165 77 307 83 383 11 86 14 385 83 100 41 72 60 453 20 237 70 299 94 279 12 443 47 413 27 288 41 135 49 53 3 276 80 165 3 247
328 25 1072 87 264 3 466 6 493 65 403 77 217 51 397 9 267 54 76 71 233 10 199 71 327 32 290 79 251 51 33 36 112 45 153 10 470 11 300 19 409 78 461 3 36 99 260 58 300 32 7 4 234
329 25 387 78 212 69 472 49 327 54 369 29 307 84 280 47 99 56 49 31 382 39 416 87 409 70 33 2 427 21 81 67 25 41 359 4 84 93 244 73 145 77 201 53 238 70 441 80 296 65 217 13 380
330 25 1036 16 313 10 435 5 414 32 492 78 417 52 54 68 154 13 120 81 223 76 382 36 186 44 497 22 209 51 461 25 489 62 119 9 352 18 401 20 172 93 182 83 21 1 158 66 364 85 471 83 202
331 25 1123 76 253 80 110 73 432 23 306 42 298 62 238 82 209 51 415 31 378 19 404 1 254 34 65 1 469 55 354 80 136 27 168 81 479 44 272 44 78 13 115 25 23 66 62 92 456 38 28 59 292
332 25 977 27 474 82 456 23 64 93 112 88 364 14 122 19 462 36 375 58 154 88 457 30 148 3 278 93 12 81 346 86 160 96 492 93 225 20 444 88 430 31 234 92 493 1 345 15 331 3 254 83 417
333 25 613 77 303 78 393 92 410 40 229 46 229 94 355 5 201 4 296 85 446 31 436 54 257 93 482 88 419 52 212 39 406 63 130 14 417 96 7 33 304 23 71 75 339 84 28 66 230 73 475 20 146
334 25 916 32 177 62 61 55 401 7 488 93 490 95 315 28 415 57 403 6 131 3 181 63 180 60 26 38 56 52 335 19 30 82 59 10 447 56 201 90 214 5 273 24 298 41 343 10 315 13 332 32 176
335 25 116 7 281 61 346 27 484 84 441 21 393 90 119 5 65 18 103 47 149 31 432 96 438 75 93 90 97 86 276 51 239 88 330 86 455 8 4 91 448 61 223 87 36 14 352 57 369 87 484 52 272
336 25 949 49 255 30 421 31 94 60 351 55 69 76 348 41 430 54 11 98 340 30 31 20 136 85 116 7 348 61 337 51 488 91 121 53 229 19 217 90 323 70 43 4 52 51 211 38 40 61 156 97 412
337 25 686 31 398 64 97 15 267 67 98 11 351 76 358 23 474 98 476 33 435 9 337 30 164 29 235 56 15 39 60 89 325 10 223 25 465 93 75 59 482 55 327 39 84 77 392 78 69 22 480 15 91
338 25 74 39 454 54 114 47 73 17 279 91 88 69 244 48 261 6 127 63 131 91 68 27 240 13 298 79 133 81 56 27 298 18 201 45 262 75 150 30 338 49 303 80 90 16 108 67 496 40 404 91 386
339 25 1016 37 392 46 279 40 195 33 378 11 251 41 25 24 234 41 290 44 450 6 215 59 29 68 345 34 130 93 376 66 286 86 199 93 355 81 64 15 192 32 319 76 368 67 451 98 38 3 374 83 272
340 25 534 1 291 45 411 53 174 48 94 81 191 29 92 80 284 35 494 38 288 63 73 20 240 68 335 68 33 4 394 71 325 11 94 26 97 89 310 75 263 67 422 26 233 74 331 34 169 80 368 79 152
341 25 473 24 48 58 134 74 433 59 199 11 429 82 284 53 109 47 196 91 171 38 389 51 194 3 225 19 68 54 287 85 347 86 233 98 465 4 289 16 375 99 369 35 398 54 284 86 342 99 309 78 336
342 25 806 73 217 74 255 93 435 25 192 97 117 81 326 85 184 7 397 51 292 49 418 43 448 44 240 18 187 49 46 73 215 66 377 24 182 72 49 12 288 51 63 79 77 16 223 38 118 29 38 49 86
343 25 928 67 167 29 426 98 245 63 355 23 424 4 145 60 333 26 306 23 468 82 55 88 68 76 342 31 271 6 221 87 424 95 247 81 264 57 390 17 173 21 338 38 77 52 143 84 339 18 268 34 54
344 25 986 84 119 11 125 56 163 25 300 93 441 63 308 25 177 99 188 56 21 61 496 59 326 46 291 89 413 94 358 24 176 27 260 38 150 77 327 91 241 26 364 34 200 84 21 32 393 31 417 92 467
345 25 893 44 101 30 103 43 344 18 232 97 253 68 291 92 359 21 414 20 275 15 254 74 204 88 64 92 271 57 302 22 174 89 258 7 323 83 282 77 474 41 297 5 209 79 345 40 235 49 345 91 223
346 25 391 92 10 35 416 82 190 19 337 43 299 78 89 36 244 58 492 58 279 55 132 16 372 81 484 80 1 70 319 85 365 34 187 31 438 51 151 70 462 13 239 64 174 88 270 59 39 33 216 57 254
347 25 592 96 137 86 58 99 322 67 83 45 324 33 356 24 323 28 427 39 276 37 302 59 426 75 471 66 472 19 418 42 291 60 53 74 245 61 457 27 137 18 421 44 176 75 125 27 25 32 278 75 433
348 25 866 15 310 75 222 92 330 22 318 4 313 98 178 81 256 11 483 3 62 63 188 30 254 96 278 27 87 78 490 50 329 91 449 94 433 9 316 5 164 24 234 50 248 6 342 41 299 46 312 16 217
349 25 206 20 396 33 68 75 279 63 146 80 145 40 404 7 12 42 272 65 76 10 188 75 402 40 498 97 335 31 211 74 16 3 207 21 138 84 401 87 320 8 295 23 219 67 234 5 112 26 313 25 223
350 25 95 80 283 15 103 84 72 98 304 89 290 11 203 2 91 7 272 87 490 18 178 29 93 11 306 22 27 70 115 78 182 35 97 3 212 41 365 26 49 26 483 57 74 32 66 31 352 60 240 24 79
351 25 883 63 246 47 175 69 234 29 389 84 330 36 12 54 54 45 365 28 488 86 179 32 166 77 39 52 357 27 366 1 270 52 481 18 433 10 353 72 77 17 454 12 454 64 149 36 423 78 351 42 228
352 25 658 44 428 42 228 82 421 58 396 5 485 19 266 10 83 73 241 23 114 16 408 97 304 23 363 83 480 69 431 37 110 50 354 20 360 26 96 7 394 99 333 86 495 85 283 68 382 33 103 66 494
353 25 336 74 78 82 456 23 373 8 162 40 385 78 207 22 177 71 191 48 497 46 85 6 323 94 476 40 266 52 111 67 312 27 229 87 263 13 138 14 196 44 330 85 134 46 97 57 240 49 125 39 236
354 25 1015 28 48 35 304 37 206 66 299 39 350 87 82 17 480 92 399 29 374 61 358 86 356 31 75 45 495 74 307 55 43 32 111 65 179 48 281 36 392 38 452 50 216 67 117 72 482 54 438 50 152
355 25 83 48 380 20 191 82 126 92 489 12 307 16 16 74 246 28 291 42 323 70 152 23 26 71 127 40 231 50 489 92 30 74 434 93 51 9 274 30 71 82 269 11 68 24 489 50 140 67 486 65 475
356 25 1101 16 43 89 425 11 172 47 469 26 15 13 316 89 235 95 288 69 397 12 463 48 169 36 252 60 3 36 230 70 69 33 235 8 130 90 280 33 135 77 437 51 57 91 94 55 419 10 69 17 370
357 25 1109 87 343 88 149 53 366 51 387 59 454 85 224 9 429 64 69 90 231 94 233 87 72 35 486 44 173 25 264 71 147 49 432 72 136 14 303 79 109 95 300 84 427 14 460 35 245 90 362 14 182
358 25 134 17 439 35 309 30 49 1 248 28 202 65 263 85 174 12 251 41 234 99 237 54 248 84 458 19 315 13 357 30 362 82 72 44 155 66 141 35 315 98 181 92 155 20 410 55 53 78 111 35 372
359 25 589 10 252 64 401 46 32 65 379 37 323 92 294 43 328 27 266 43 393 21 120 52 261 43 110 81 160 74 212 59 110 43 179 29 341 72 175 12 329 24 353 69 219 47 179 49 130 64 383 54 433
360 25 1009 34 494 94 410 86 70 36 460 43 491 29 336 21 362 96 248 32 185 22 141 50 458 76 285 47 81 94 427 50 80 47 237 45 111 99 178 7 91 17 68 69 231 88 128 12 15 54 85 78 371
361 25 534 1 261 18 66 39 49 9 53 43 479 46 328 96 50 60 107 40 340 27 87 36 438 16 209 96 271 48 152 55 128 40 249 54 90 77 69 58 166 89 178 46 12 78 332 99 35 69 273 40 424
362 25 1047 67 414 30 456 40 244 52 474 76 5 65 110 53 392 71 302 73 458 68 444 33 56 6 477 28 202 50 370 58 14 57 370 14 97 48 441 98 400 96 96 84 410 95 228 50 186 48 473 86 135
363 25 320 89 52 60 102 91 60 62 141 6 310 26 332 8 243 1 159 27 262 71 275 72 312 57 419 51 330 47 363 55 167 74 24 70 295 14 120 56 253 81 333 81 147 27 357 46 464 91 463 76 384
364 25 90 83 381 37 375 45 60 9 88 94 305 98 51 91 244 51 341 99 315 13 307 74 418 78 42 15 93 61 293 15 40 19 108 76 141 31 121 12 451 83 476 93 167 64 105 4 190 86 185 12 314
365 25 477 3 304 19 156 12 63 65 184 8 115 6 44 42 229 41 259 98 82 67 293 70 65 69 461 19 369 52 272 49 413 95 278 44 60 61 449 93 351 24 321 24 389 98 260 18 398 97 421 97 440
366 25 237 69 416 90 265 64 481 78 354 26 94 54 292 69 237 90 177 53 149 76 311 13 397 79 284 91 3 56 21 50 139 6 429 1 280 72 149 71 315 97 182 43 142 3 277 50 467 5 497 4 465
367 25 271 67 489 97 119 38 436 35 323 18 292 93 50 86 298 40 71 2 426 11 386 67 178 84 79 35 183 38 270 5 277 12 32 61 483 27 407 30 231 79 419 98 229 59 167 64 345 20 110 68 75
368 25 204 92 284 13 460 56 149 3 102 78 365 62 225 4 461 52 242 61 398 38 178 94 153 36 309 55 348 93 184 71 445 33 250 80 450 85 79 35 490 24 425 55 368 35 99 58 290 28 221 28 43
369 25 479 19 400 88 70 55 161 76 119 18 411 63 63 66 324 17 22 98 290 25 433 8 91 72 170 4 173 83 344 99 142 20 492 99 33 47 24 37 476 76 306 91 329 3 131 3 197 23 58 45 101
370 25 1134 50 428 29 168 70 167 15 25 98 78 87 402 65 231 11 170 15 398 54 189 41 279 36 294 8 148 32 64 85 205 7 426 10 393 99 201 3 157 22 107 62 201 8 4 60 250 65 246 43 27
371 25 73 76 467 11 97 80 62 3 4 76 89 17 368 46 192 95 213 1 276 36 368 43 324 39 117 87 183 11 226 90 442 5 19 72 226 93 339 62 473 46 68 53 91 5 45 3 336 41 222 56 1
372 25 1034 87 196 7 79 97 447 67 267 83 415 48 94 5 65 3 329 69 150 89 171 40 390 1 235 71 105 58 298 43 75 84 265 9 494 63 110 52 123 44 430 40 320 66 354 77 260 75 118 57 162
373 25 404 27 309 93 275 12 456 93 475 43 65 95 23 20 195 10 366 39 423 27 47 93 472 1 482 38 176 56 130 96 132 42 108 26 190 18 287 74 318 11 442 62 137 26 455 45 340 38 13 55 313
374 25 50 19 392 52 282 31 341 17 219 27 103 37 345 4 234 6 426 69 57 47 93 53 320 94 199 38 54 10 380 95 184 12 110 87 220 58 266 24 253 31 494 22 80 59 386 67 195 41 419 26 460
375 25 1040 91 166 86 306 37 110 17 215 77 443 90 222 99 441 75 226 65 497 3 64 99 155 19 181 54 396 17 98 24 23 88 210 68 216 34 214 95 288 61 54 67 367 99 334 7 207 87 268 24 187
376 25 906 10 356 42 372 62 95 15 343 35 297 17 230 5 169 15 394 79 79 11 158 76 68 62 82 47 310 82 289 70 207 24 394 76 403 89 1 29 412 72 42 47 291 64 243 68 66 40 131 37 172
377 25 125 35 474 62 386 80 241 45 167 29 429 99 38 67 202 50 214 27 281 34 65 87 58 56 280 29 324 59 183 56 95 5 178 44 405 77 444 23 369 22 195 60 388 35 424 44 140 94 332 27 386
378 25 590 19 258 47 262 54 482 80 162 95 379 27 350 29 53 17 76 97 216 27 196 1 314 88 476 9 372 44 256 21 51 3 16 87 485 44 297 16 222 98 314 75 147 76 224 51 401 67 387 24 14
379 25 980 67 297 75 173 38 175 93 175 26 493 30 43 40 362 6 70 64 486 25 415 88 391 25 154 69 247 62 257 47 221 72 459 13 194 43 410 54 254 17 211 76 333 88 82 5 365 91 440 87 17
380 25 713 65 443 83 389 76 280 9 384 98 135 72 423 31 371 1 476 80 290 54 372 75 118 43 72 75 353 22 349 62 255 97 357 40 321 66 317 99 366 12 483 88 80 63 448 39 137 74 107 93 261
381 25 949 42 136 16 460 89 229 50 66 34 370 74 178 51 225 81 87 32 1 73 396 34 116 76 367 96 46 47 89 19 236 80 230 76 372 98 33 68 230 74 315 72 226 65 315 90 56 83 132 88 43
382 25 1166 43 470 53 191 88 461 46 236 23 296 76 76 72 498 25 184 68 77 2 128 18 210 40 451 19 113 96 21 14 318 62 428 47 20 92 149 99 60 31 69 63 19 39 399 46 332 32 92 57 412
383 25 699 68 311 36 428 82 166 29 143 89 206 68 476 73 134 22 143 85 77 39 137 71 211 17 90 32 97 44 93 10 207 88 239 11 265 23 312 68 373 69 359 78 206 53 272 78 256 41 418 23 75
384 25 890 69 154 95 130 64 474 9 443 48 281 91 85 96 255 55 402 27 296 69 461 33 397 51 412 24 201 67 391 20 271 47 168 65 20 61 214 75 487 46 407 5 77 50 202 35 109 59 322 82 305
385 25 733 27 211 81 377 20 495 99 244 37 483 19 238 40 310 95 168 14 341 50 294 40 238 37 410 17 1 78 329 66 147 57 314 68 380 10 176 41 67 92 67 12 214 58 375 11 270 33 76 32 266
386 25 1163 43 490 20 200 93 118 32 34 43 13 81 335 23 376 75 480 48 288 58 275 68 316 70 333 61 15 53 415 9 114 3 228 57 494 82 156 1 63 77 418 94 294 82 130 45 407 50 424 59 83
387 25 397 52 121 36 101 43 432 36 375 8 173 35 18 96 288 80 243 75 303 68 59 61 481 22 413 60 205 21 472 10 484 99 315 27 465 63 104 98 149 60 187 88 29 23 184 6 220 37 346 4 419
388 25 785 43 471 30 52 71 241 41 339 6 15 8 384 44 203 27 187 5 438 24 96 13 312 31 478 81 375 71 438 49 16 1 249 7 403 93 403 74 113 33 85 60 281 89 146 60 249 42 227 45 36
389 25 524 62 46 65 220 50 458 59 68 77 276 92 324 5 107 68 390 7 198 83 55 5 309 32 267 73 477 44 327 15 195 71 289 93 331 36 378 74 478 53 199 13 375 14 242 16 278 78 253 12 243
390 25 720 64 335 67 454 67 65 73 499 8 231 41 67 57 331 74 231 33 405 31 391 15 5 94 304 29 19 68 301 19 56 39 156 29 385 51 97 18 341 45 108 26 323 6 343 19 143 63 462 30 33
391 25 80 41 152 43 241 29 189 34 491 29 246 37 483 99 484 44 380 56 348 6 411 80 300 34 248 26 50 9 227 96 260 20 301 18 179 69 22 17 336 80 96 13 425 38 142 25 20 6 43 20 55
392 25 224 47 479 57 183 57 81 13 395 75 154 8 496 31 289 49 383 23 134 48 468 68 67 62 78 68 293 87 356 79 58 94 261 7 263 46 112 8 499 21 280 82 281 54 164 94 1 22 176 60 389
393 25 567 15 375 92 435 20 326 58 222 12 326 79 250 37 211 42 310 32 8 35 207 99 467 59 89 40 292 66 321 79 337 14 64 23 352 62 306 64 388 24 220 98 407 59 209 58 407 41 49 13 91
394 25 479 81 51 62 198 33 196 20 127 70 17 41 248 2 200 71 199 50 220 58 187 50 220 60 396 5 86 60 425 64 222 43 98 17 245 74 268 38 89 30 469 97 251 33 198 67 10 20 170 42 152
395 25 1215 74 438 27 273 22 349 3 204 9 58 71 34 90 234 56 46 91 55 60 407 93 483 13 104 79 391 62 357 41 261 66 181 50 479 91 422 20 324 67 448 55 119 46 334 97 345 59 364 80 366
396 25 472 93 11 9 437 72 353 22 486 98 246 47 487 19 299 42 367 67 226 68 418 25 100 25 291 60 441 8 197 96 99 70 309 52 85 50 440 25 187 32 300 16 3 36 239 99 365 81 469 45 19
397 25 380 38 120 31 21 58 372 10 461 64 22 28 288 55 421 11 378 35 174 62 233 64 404 83 13 14 287 81 451 61 359 84 257 66 264 69 142 73 458 24 263 39 360 32 398 67 472 12 116 39 286
398 25 1192 23 274 35 467 48 141 67 219 70 196 33 373 38 448 33 422 54 292 69 383 30 48 18 246 27 3 73 181 25 6 71 127 33 112 82 107 52 335 68 64 40 167 15 57 66 423 10 111 8 78
399 25 437 27 81 12 191 76 366 45 424 52 249 8 465 77 444 40 270 48 145 73 41 75 394 37 306 58 226 52 60 95 243 64 155 56 215 62 423 92 380 94 70 42 359 24 471 87 200 72 84 21 463
400 25 793 32 1 32 109 54 379 2 290 24 493 69 205 40 154 53 301 18 480 63 349 61 306 97 296 13 82 99 120 16 472 98 99 64 98 79 455 38 421 61 300 35 91 45 178 72 64 29 452 82 147
401 25 757 97 159 75 360 94 132 16 321 47 52 14 101 9 178 54 11 97 3 68 475 16 280 21 321 36 267 93 38 74 493 32 197 16 421 1 124 83 135 28 471 28 102 78 139 40 315 33 202 49 7
402 25 244 81 311 47 375 65 181 98 32 78 48 85 37 22 204 46 389 80 83 1 248 42 337 72 136 20 439 24 83 8 299 20 216 99 129 79 246 82 40 54 380 29 104 11 93 19 368 5 458 94 386
403 25 405 40 272 94 327 82 184 80 334 17 445 60 175 62 273 48 433 1 384 50 288 58 258 20 414 92 346 64 82 6 489 42 242 66 364 1 304 96 232 51 86 83 159 65 298 52 453 74 374 12 333
404 25 788 34 343 49 300 18 111 30 423 17 405 18 61 94 285 58 116 62 13 92 23 99 99 15 1 26 256 15 173 4 370 29 213 78 28 3 415 40 354 19 177 21 380 75 119 15 358 76 336 16 67
405 25 1222 47 215 30 121 98 30 13 250 35 433 64 51 20 364 91 265 38 261 88 103 13 258 97 230 18 328 28 99 57 417 44 357 18 201 2 354 53 172 98 493 12 195 83 276 63 80 85 277 42 282
406 25 686 97 40 20 44 89 13 66 483 28 145 64 401 29 104 47 24 73 369 78 72 75 451 80 218 79 414 43 392 4 295 75 359 68 42 20 109 4 67 3 330 83 379 45 329 98 42 2 495 75 94
407 25 831 12 61 61 257 12 48 1 291 62 473 66 14 5 13 87 307 40 308 29 494 11 338 16 484 2 322 63 344 20 22 47 482 84 499 58 107 33 372 72 136 54 287 60 223 50 139 92 87 52 279
408 25 320 95 262 16 288 7 310 74 360 37 197 46 220 63 73 86 405 90 343 13 369 10 410 16 405 40 330 89 53 64 61 70 75 11 90 18 140 31 294 61 117 28 483 34 303 66 474 5 479 22 474
409 25 886 96 15 54 490 41 214 1 403 59 237 18 383 85 242 80 186 36 366 80 461 3 265 40 171 25 237 65 104 61 69 25 328 9 469 2 498 79 235 81 366 2 352 22 67 49 332 98 208 60 332
410 25 565 12 389 43 90 74 205 23 217 84 231 24 426 92 307 94 229 59 499 61 288 91 144 72 369 3 245 29 283 53 209 17 199 62 314 34 414 51 235 4 294 99 194 70 482 70 378 91 75 93 42
411 25 773 6 207 43 40 37 305 99 309 77 191 28 242 8 299 50 284 38 255 10 425 18 468 62 106 93 126 39 172 78 331 94 345 57 66 7 97 30 231 20 43 31 103 12 415 68 121 83 411 87 31
412 25 862 60 341 43 47 81 283 65 462 78 44 87 85 76 50 65 417 24 211 64 98 58 193 53 17 9 166 92 128 8 320 79 273 20 494 30 420 76 212 56 139 34 125 23 199 14 3 55 297 69 271
413 25 1153 78 332 14 9 47 109 35 388 18 120 61 169 76 21 40 444 3 312 48 24 77 154 54 229 1 477 70 317 87 291 46 103 32 141 67 443 20 428 15 41 81 238 46 359 64 196 58 272 3 341
414 25 646 64 242 97 98 90 91 35 394 88 480 57 145 50 243 9 226 62 164 70 194 79 474 49 198 60 302 31 475 81 7 55 37 62 196 27 227 7 179 60 446 4 147 47 53 82 175 51 58 74 182
415 25 317 37 308 12 394 27 417 42 316 53 246 18 348 65 57 82 477 23 331 87 458 86 478 72 226 59 368 57 78 81 34 2 182 84 286 21 42 15 269 57 459 46 186 74 304 74 374 63 449 22 5
416 25 987 90 400 20 115 69 276 87 47 4 423 12 260 26 330 86 26 65 9 20 216 13 17 71 54 25 132 34 354 21 352 48 143 92 199 1 144 6 134 15 38 17 86 58 134 66 400 80 204 88 355
417 25 270 73 254 99 110 41 444 96 202 63 23 1 135 41 183 39 346 34 342 84 245 62 371 21 117 22 466 15 246 69 418 73 413 80 344 9 211 74 179 18 324 61 470 89 55 24 274 45 414 1 360
418 25 358 43 130 69 454 17 248 58 2 10 42 76 9 65 411 95 112 55 421 19 463 3 253 24 186 81 335 81 233 20 297 54 348 6 480 66 70 54 166 51 463 23 80 54 372 18 324 15 366 7 147
419 25 738 65 47 74 318 24 331 49 114 39 164 90 395 55 305 10 273 1 216 94 63 63 338 95 205 77 51 64 271 53 399 2 170 31 249 49 138 9 140 44 268 2 336 97 325 92 322 91 457 46 98
420 25 447 9 15 79 371 7 418 93 125 75 467 19 387 76 467 77 39 7 459 77 426 5 320 18 288 63 245 31 19 42 77 90 119 71 482 8 34 51 439 41 58 45 49 32 22 50 118 2 260 60 376
421 25 482 88 279 63 115 15 298 28 484 58 271 13 130 76 230 9 172 62 470 51 217 82 480 3 492 47 223 2 214 44 295 79 264 69 448 70 200 91 327 7 334 76 413 28 65 32 370 87 40 64 264
422 25 139 79 97 4 171 85 487 47 205 59 363 96 284 38 340 49 358 38 302 62 418 3 426 94 301 77 340 80 326 78 145 19 6 2 445 77 62 86 136 2 159 65 240 45 66 3 396 90 179 65 284
423 25 138 82 408 65 418 19 264 74 384 53 217 31 18 90 58 57 364 10 96 1 346 86 228 12 436 23 287 42 157 92 3 12 420 89 325 50 34 18 468 82 226 14 68 58 346 13 152 98 436 75 165
424 25 303 90 37 27 215 81 486 6 256 14 381 6 200 39 10 65 62 83 71 11 14 94 78 12 78 8 484 88 292 76 57 5 420 14 425 63 173 89 196 27 36 37 211 92 331 11 321 17 254 42 129
425 25 219 41 421 18 300 58 216 65 327 58 131 44 169 49 118 13 242 60 206 82 99 4 303 83 16 37 478 81 398 32 352 41 27 93 482 65 379 74 34 86 393 2 453 62 67 54 112 32 412 48 279
426 25 129 50 441 5 380 35 10 42 208 1 208 82 340 72 331 85 368 22 89 74 254 78 75 65 63 55 60 58 172 88 276 92 321 41 240 47 116 68 284 9 327 86 354 66 120 53 64 78 214 84 58
427 25 701 16 223 1 140 95 203 76 184 82 317 47 399 25 445 89 33 31 455 90 25 44 354 37 471 91 70 83 17 24 448 34 344 45 129 61 442 59 60 16 145 23 164 39 129 29 232 28 182 16 226
428 25 1128 77 250 21 236 65 363 26 487 87 40 51 21 87 320 31 270 30 158 42 330 17 451 22 108 15 377 27 171 41 287 16 235 43 211 32 54 40 236 45 190 44 450 36 390 45 396 90 398 58 401
429 25 538 62 258 69 290 77 132 35 103 36 390 89 481 43 401 63 348 79 59 38 203 14 191 98 109 52 28 87 202 58 406 22 279 72 32 15 172 84 328 76 472 57 22 54 124 80 488 53 292 47 181
430 25 955 20 17 90 152 85 472 24 320 88 35 12 130 4 93 79 447 25 231 76 178 6 415 46 408 42 282 35 102 80 285 54 128 12 17 79 321 37 92 15 173 51 89 64 184 58 450 75 161 38 155
431 25 348 23 35 72 488 90 360 12 268 46 399 68 19 23 139 92 183 18 221 44 71 92 232 15 170 27 383 68 463 42 86 52 471 98 2 98 136 70 266 69 113 31 434 54 413 18 25 88 299 31 393
432 25 416 70 23 78 358 14 153 11 300 46 472 46 214 52 252 32 147 3 132 40 28 63 179 92 236 11 241 18 141 87 281 78 155 59 472 73 483 93 250 67 109 51 89 12 179 86 37 69 364 43 454
433 25 839 59 267 20 383 11 321 53 203 75 488 34 2 20 26 5 114 5 40 74 61 42 35 14 330 55 468 66 432 44 285 59 67 37 136 37 491 95 87 18 437 86 195 97 477 78 408 83 372 67 184
434 25 1291 71 325 26 469 16 296 82 176 94 129 56 237 85 81 65 334 66 185 19 485 7 496 34 164 89 164 75 127 99 471 60 498 83 413 80 35 33 142 63 268 65 485 70 479 85 396 11 184 81 24
435 25 1286 16 494 65 257 20 364 87 181 45 352 46 309 83 188 31 240 6 440 52 215 73 68 86 129 83 214 10 182 62 321 39 485 6 80 35 486 83 305 80 179 20 59 86 321 47 136 53 115 54 390
436 25 1224 64 404 16 378 63 469 40 223 39 7 29 497 2 400 12 359 42 14 32 458 74 260 51 443 40 376 26 302 80 7 43 181 59 133 82 87 39 445 71 461 29 23 17 351 51 266 69 335 81 106
437 25 687 51 390 2 62 6 87 98 6 67 474 71 60 51 423 35 73 11 61 78 175 62 357 20 469 52 128 25 364 1 302 28 265 55 120 31 1 89 444 34 45 81 7 50 391 6 442 73 319 74 445
438 25 528 48 71 43 347 46 292 85 155 45 173 94 260 3 461 70 132 40 131 66 43 47 297 85 307 71 269 81 317 52 412 19 158 78 366 31 480 48 462 30 420 86 212 10 253 2 217 1 390 50 192
439 25 552 81 277 82 201 32 109 8 124 88 305 3 209 54 23 14 88 44 346 95 265 94 477 94 418 84 275 72 65 71 456 5 476 72 76 75 152 75 264 16 373 5 163 18 495 37 229 51 176 4 477
440 25 662 12 50 7 56 33 209 31 358 93 462 58 102 31 40 38 347 35 201 34 53 2 52 45 133 89 388 63 125 86 272 51 209 64 104 17 69 41 217 48 320 25 115 81 162 60 368 77 147 45 114
441 25 943 22 331 93 479 42 439 87 277 33 116 92 50 32 52 7 385 75 99 34 278 95 250 63 464 7 158 89 140 27 495 17 240 61 367 34 379 81 409 60 98 42 120 2 196 55 376 1 314 81 369
442 25 1152 83 418 78 434 85 100 87 286 17 484 77 419 25 350 46 115 67 172 37 36 70 425 25 160 37 194 7 345 72 252 30 366 93 493 26 221 98 220 68 60 73 6 29 166 96 453 61 38 21 269
443 25 1206 32 396 33 168 43 208 17 374 19 493 50 421 79 244 84 311 5 169 18 212 33 5 27 379 30 496 6 252 82 331 7 31 70 344 61 437 87 102 69 134 67 19 33 3 62 272 45 425 57 353
444 25 277 46 85 42 166 73 489 29 317 4 333 56 43 60 297 24 291 33 285 51 113 16 138 49 446 90 450 14 235 53 455 91 338 85 135 19 487 53 366 69 271 51 276 22 29 59 88 82 175 48 308
445 25 431 4 356 67 486 70 119 41 332 98 287 65 324 7 182 74 135 61 215 46 483 58 7 93 72 36 435 83 240 89 336 4 301 80 144 75 27 25 28 43 62 36 476 13 431 14 61 1 226 71 316
446 25 322 11 284 21 411 84 13 65 1 37 87 61 337 73 80 64 104 27 177 96 268 20 134 63 27 37 157 36 456 84 281 91 303 95 68 19 288 72 349 68 20 10 175 67 385 9 193 72 190 8 282
447 25 620 66 399 90 115 85 462 90 93 7 18 15 315 62 262 77 94 31 349 4 434 83 169 46 172 12 424 6 174 20 332 72 488 26 360 34 246 34 360 65 185 34 333 71 96 97 7 63 81 23 316
448 25 864 67 271 3 181 15 51 19 465 29 163 71 304 80 493 60 366 26 277 93 324 4 102 72 158 24 30 52 401 23 339 57 226 16 181 7 190 19 324 56 41 37 456 80 66 48 40 17 58 23 352
449 25 185 29 290 43 499 65 227 54 336 66 293 83 105 48 239 31 454 4 121 97 297 58 392 69 42 36 79 22 168 56 483 26 149 5 150 4 457 8 199 14 191 44 438 94 211 28 190 54 318 10 387
450 25 157 36 63 2 199 32 197 37 354 16 198 16 177 5 493 34 29 22 482 40 63 5 335 83 247 96 80 32 424 83 318 19 91 44 457 73 5 5 109 56 168 43 387 82 265 30 111 34 101 92 443
451 25 839 64 317 76 37 61 469 96 463 54 199 80 9 67 102 48 370 64 35 27 478 59 345 17 342 62 416 58 113 88 428 23 151 25 179 73 148 87 63 20 434 38 362 9 16 19 453 76 135 76 101
452 25 1073 15 284 99 481 22 492 98 487 25 406 4 40 42 214 97 104 78 39 45 83 53 69 30 328 48 29 34 300 81 280 42 8 6 412 22 159 21 84 72 156 2 489 5 325 32 391 17 66 67 69
453 25 774 78 455 54 279 39 145 50 50 80 244 15 469 98 349 88 109 27 208 89 58 96 383 84 97 55 212 38 62 64 452 72 317 30 392 26 335 87 159 41 323 69 175 65 212 23 316 11 283 56 65
454 25 419 87 305 43 287 26 36 36 261 65 114 44 291 92 497 27 226 23 164 44 363 20 11 72 360 36 30 62 440 81 456 39 471 66 60 49 297 12 142 35 418 75 392 52 387 94 166 4 200 83 169
455 25 600 94 209 60 221 6 444 55 174 84 206 92 36 28 411 40 84 15 343 42 377 31 41 78 413 43 277 52 222 83 427 74 108 3 173 57 327 50 199 64 272 39 483 43 95 65 346 81 8 22 339
456 25 1006 42 444 24 442 78 458 59 11 9 475 25 270 7 200 34 455 68 449 20 118 48 296 84 117 43 54 36 381 52 469 31 163 92 393 48 437 73 451 11 195 34 5 83 260 24 83 58 380 28 227
457 25 830 45 84 40 405 20 347 67 258 52 493 21 404 18 42 55 93 23 409 13 275 72 319 46 106 42 468 18 386 1 110 76 141 98 409 21 236 70 223 54 377 88 328 58 257 86 414 66 9 9 375
458 25 335 4 60 69 190 79 433 91 26 38 421 95 54 7 215 46 409 27 234 51 89 92 19 45 334 17 411 33 452 64 7 41 443 42 445 32 22 3 42 4 76 55 453 60 344 29 417 58 142 86 81
459 25 603 70 487 48 39 66 380 11 2 33 471 50 472 22 335 73 312 22 110 13 1 22 369 67 274 61 61 40 338 11 289 4 119 54 112 59 91 17 91 71 339 30 454 66 359 45 450 85 104 3 225
460 25 624 14 205 32 285 95 470 96 440 98 86 40 156 91 464 27 374 20 430 56 2 97 363 37 413 24 264 59 88 73 186 1 361 31 222 60 365 79 163 78 469 25 342 21 458 85 125 99 269 84 215
461 25 941 50 455 60 41 63 117 28 338 37 64 89 126 53 279 69 390 17 474 95 420 45 488 91 87 8 15 89 87 69 368 24 82 55 98 66 235 86 315 57 52 12 45 4 391 68 466 82 373 19 356
462 25 836 73 83 8 347 87 321 98 30 20 355 29 179 72 467 38 354 63 308 48 357 66 211 48 233 18 238 33 283 85 54 36 46 27 240 19 89 65 319 45 229 98 456 92 42 61 70 61 433 74 347
463 25 783 11 362 42 338 2 280 75 364 41 241 3 264 41 462 21 106 62 431 43 383 60 446 42 218 30 169 26 367 35 192 32 402 35 57 14 370 26 206 14 300 96 487 98 210 14 17 54 468 42 179
464 25 490 21 267 32 376 83 214 22 433 11 119 27 17 4 383 2 493 54 359 82 199 98 67 75 379 90 486 71 413 51 131 96 161 34 342 23 136 52 155 60 210 24 358 49 341 66 268 84 395 5 485
465 25 221 45 134 36 76 82 433 31 369 20 89 46 483 69 261 31 446 44 16 5 478 72 59 62 277 14 101 22 351 35 490 84 276 66 164 62 436 66 369 31 264 52 220 76 238 1 198 79 469 89 492
466 25 468 95 111 87 481 92 365 37 213 38 40 97 60 5 272 75 96 10 126 14 439 91 348 97 267 26 239 14 342 49 117 90 84 65 114 80 111 1 289 23 457 97 456 38 69 91 382 97 116 67 247
467 25 1208 69 99 41 485 88 99 37 252 46 117 93 287 41 335 76 318 51 51 89 372 81 184 12 217 65 318 52 414 40 21 37 435 94 125 80 232 10 224 63 218 89 382 58 44 8 318 26 127 56 66
468 25 564 54 432 84 203 94 290 79 327 72 439 4 161 85 160 52 405 89 172 2 64 49 235 35 380 87 406 79 58 11 410 7 416 34 130 7 72 65 13 64 253 88 402 44 368 2 250 28 101 41 228
469 25 351 99 198 17 431 51 211 53 418 19 359 72 183 62 330 2 163 77 96 26 322 41 227 18 395 24 77 71 368 4 31 52 470 15 135 54 178 66 135 10 307 65 238 23 54 85 135 56 48 90 239
470 25 996 86 71 54 47 7 446 93 364 3 286 21 239 3 400 20 491 26 412 88 245 41 402 7 437 31 452 19 103 32 158 16 5 16 253 23 334 97 264 84 412 34 318 49 405 81 202 36 192 88 470
471 25 73 77 102 76 295 72 286 84 240 92 86 62 72 95 58 51 261 99 247 37 31 2 377 31 296 32 5 69 434 46 474 40 90 97 102 24 168 42 241 2 368 45 180 57 240 57 352 24 139 94 290
472 25 291 37 66 76 363 43 236 45 102 11 380 48 204 95 437 23 101 67 174 23 132 56 71 29 390 26 28 36 320 79 424 88 288 69 475 27 117 65 60 22 141 95 321 75 455 41 381 42 72 18 123
473 25 204 51 17 83 446 96 160 75 400 45 326 16 450 85 434 97 473 18 192 99 210 37 169 15 334 53 217 69 55 41 11 21 54 7 104 71 50 59 463 70 290 39 28 56 262 55 405 10 266 29 293
474 25 673 78 279 18 463 14 417 71 34 31 359 2 230 13 28 82 276 84 364 45 362 3 62 94 64 14 386 69 182 51 430 55 25 56 17 39 400 62 400 95 373 64 25 21 354 90 448 92 252 92 218
475 25 1211 41 170 35 217 17 407 70 161 42 259 64 363 30 332 27 294 76 95 22 475 44 210 52 261 40 193 63 71 30 293 84 406 87 453 65 5 80 258 9 436 17 57 88 206 51 323 11 121 52 466
476 25 876 36 133 6 139 28 11 16 384 95 8 23 432 30 86 76 424 69 358 2 422 2 73 40 202 44 12 44 169 74 57 75 197 48 132 85 468 58 124 50 456 65 472 33 467 79 211 36 374 88 316
477 25 667 92 149 90 441 24 112 16 310 42 164 24 370 13 141 67 142 90 147 48 136 76 148 35 76 25 460 41 140 74 342 78 161 12 151 75 282 18 289 94 326 15 396 42 45 74 162 82 349 89 235
478 25 759 36 286 52 434 99 33 45 74 3 195 59 292 17 18 98 316 6 42 13 283 83 191 20 380 23 243 33 151 60 263 59 68 79 299 2 398 52 269 17 322 93 490 72 302 24 286 59 341 80 282
479 25 590 75 273 85 369 17 52 39 308 2 280 87 132 69 469 1 365 24 421 60 422 42 93 88 300 85 44 26 134 99 299 30 323 44 214 90 33 27 16 27 113 85 109 91 397 92 155 98 430 28 336
480 25 1117 68 163 12 163 81 234 60 380 96 48 48 68 4 478 6 97 2 92 99 274 41 305 75 352 66 286 87 121 72 97 17 456 56 213 28 495 95 261 57 487 87 87 73 321 25 192 25 283 33 467
481 25 464 60 56 34 248 70 414 97 389 37 71 56 378 74 487 69 161 73 453 58 6 11 206 82 70 84 68 79 264 99 266 32 415 72 112 10 487 31 30 50 364 18 306 49 114 57 186 99 79 72 199
482 25 854 62 144 45 29 50 236 19 120 74 159 56 43 82 32 29 347 55 106 28 341 75 239 3 345 34 288 84 451 82 242 85 452 46 338 83 236 41 469 47 327 93 122 74 195 3 320 50 342 49 164
483 25 183 98 36 34 99 11 191 44 254 75 307 46 364 76 9 26 421 85 4 87 272 2 113 8 66 55 56 30 215 3 253 98 310 97 480 91 56 81 130 63 8 59 254 65 175 20 480 39 95 56 461
484 25 888 20 106 88 401 32 47 35 261 5 79 53 313 5 426 23 312 81 137 41 443 98 234 82 254 34 353 36 363 9 116 78 248 76 452 61 355 52 146 84 354 78 119 26 419 25 71 1 215 33 172
485 25 694 44 220 81 267 64 241 38 38 22 236 40 115 89 498 32 87 68 303 63 358 70 465 35 203 81 149 63 122 27 322 68 270 2 303 89 291 69 462 58 306 86 29 9 75 73 394 65 75 71 31
486 25 405 3 381 41 180 61 352 63 366 96 1 56 10 12 23 6 56 39 230 86 319 9 13 32 349 65 178 87 365 39 404 25 365 15 289 27 280 95 60 24 430 2 274 4 330 18 394 57 264 15 404
487 25 119 67 270 51 339 54 31 92 129 18 374 37 84 97 353 10 389 1 158 60 359 49 182 84 402 74 117 11 216 73 71 9 252 32 141 27 256 17 280 9 414 74 373 23 425 10 196 39 18 82 350
488 25 720 81 280 48 472 33 50 52 51 22 40 48 371 51 85 77 323 35 23 67 124 14 241 73 446 60 359 56 440 78 70 61 27 78 260 82 486 46 249 76 39 88 448 88 422 55 110 94 205 34 450
489 25 1145 40 31 26 190 66 80 71 348 11 331 14 132 20 321 25 331 66 410 87 111 23 125 72 86 54 54 26 145 74 112 46 18 17 48 88 184 28 146 72 123 41 28 42 328 47 315 40 259 9 82
490 25 171 5 470 72 274 89 219 94 432 91 255 4 353 34 118 45 306 46 80 35 431 50 459 77 445 61 351 78 74 6 416 81 412 12 483 97 313 39 88 47 334 38 370 88 18 97 478 55 34 52 368
491 25 978 68 93 83 119 10 167 33 148 38 16 24 278 18 383 71 311 14 103 23 25 46 499 38 167 37 166 6 137 35 366 2 178 47 74 62 266 58 404 74 15 92 271 38 464 70 187 12 384 30 71
492 25 569 40 192 33 354 39 186 96 34 36 329 72 491 36 18 25 339 25 410 67 482 23 21 21 298 86 181 81 71 25 7 58 335 55 368 56 202 75 161 71 467 63 389 79 265 80 183 81 50 16 423
493 25 907 75 356 5 457 55 87 93 428 82 120 99 167 77 144 21 84 25 225 3 51 31 181 66 471 53 241 80 276 72 376 29 432 99 264 64 305 82 423 64 463 29 168 93 431 92 408 84 143 51 278
494 25 1014 75 248 96 462 1 290 59 347 94 407 83 349 87 128 22 376 56 38 98 298 71 63 15 310 23 442 16 104 44 477 8 120 52 199 14 416 12 345 75 412 87 162 1 58 44 393 37 10 78 309
495 25 1159 69 429 81 302 5 264 31 39 99 132 39 326 25 104 94 492 56 411 90 454 90 235 91 317 75 124 60 58 33 230 6 188 36 282 84 181 92 290 81 370 95 78 97 146 6 485 8 286 19 157
496 25 787 10 282 52 2 73 25 60 250 94 47 32 381 16 385 5 310 25 467 93 187 28 479 33 396 4 269 69 444 29 326 11 281 66 101 68 225 27 362 92 387 79 365 51 406 35 197 50 404 72 63
497 25 1253 41 487 58 239 80 76 60 34 46 204 97 458 20 10 69 66 87 197 40 216 86 124 51 355 13 470 99 141 69 483 64 277 57 311 1 460 83 417 20 453 56 109 50 35 88 472 95 3 51 278
498 25 919 63 399 66 403 47 411 93 278 40 88 22 187 16 23 48 315 85 412 93 278 38 485 92 48 72 499 73 5 33 138 27 162 80 18 67 152 17 146 66 348 80 214 77 61 50 48 37 326 57 126
499 25 112 35 327 84 265 9 407 40 327 79 322 68 278 86 142 12 92 40 102 58 134 94 397 65 205 17 469 40 320 37 34 70 11 10 192 65 371 83 382 30 142 90 2 9 376 79 465 34 160 64 365
