0 20 91 54 347 68 208 83 2 55 17 12 217 30 328 97 481 96 2 63 337 91 456 52 410 55 293 8 456 6 258 96 458 46 301 55 373 14 219 65 70 94 261
1 20 861 39 394 52 174 94 227 39 382 6 200 92 323 40 385 12 261 8 280 41 42 15 346 91 167 32 460 59 194 24 353 51 243 17 381 58 164 40 56 28 149
2 20 134 56 294 60 476 51 459 74 478 67 176 38 49 56 151 4 475 9 343 30 149 58 250 31 6 30 237 13 32 36 478 65 283 88 331 31 108 79 35 25 180
3 20 686 81 317 94 106 72 77 27 153 13 268 8 437 22 252 89 360 14 312 34 404 96 427 35 278 66 126 87 496 84 57 79 227 10 157 52 159 86 372 4 79
4 20 598 49 151 82 110 96 312 48 393 32 106 64 403 34 208 32 298 82 54 20 471 21 414 27 164 72 236 44 198 11 343 46 339 84 359 11 338 93 473 28 142
5 20 299 86 120 29 364 87 31 4 175 41 268 28 27 25 372 32 91 11 23 24 251 94 132 88 336 48 312 87 340 92 212 79 170 26 317 99 228 74 217 39 204
6 20 865 20 195 28 235 61 321 58 369 75 415 36 413 21 429 46 392 31 425 22 343 40 42 57 65 64 448 36 86 21 106 36 46 41 397 37 428 88 286 89 13
7 20 635 27 306 62 489 7 305 32 494 12 159 81 224 78 392 92 250 42 77 69 83 17 32 50 97 38 261 3 448 44 49 56 55 77 472 67 475 95 242 31 457
8 20 336 68 38 47 480 94 151 20 379 80 298 87 322 2 248 56 414 18 336 57 322 37 378 56 194 65 482 86 243 27 144 83 47 57 196 72 69 78 345 7 288
9 20 74 19 70 93 191 20 330 20 79 90 47 77 425 40 406 6 133 45 423 9 376 31 426 19 200 53 127 63 354 94 194 53 335 81 174 66 14 34 497 9 143
10 20 852 41 89 52 47 44 46 75 88 25 66 10 41 72 271 63 10 44 257 3 91 80 226 45 458 87 299 65 236 45 251 21 434 15 300 77 141 33 201 43 76
11 20 175 45 238 87 355 47 12 26 139 92 36 29 22 33 199 29 124 74 430 2 267 95 356 73 288 65 304 37 120 62 121 64 494 76 4 52 179 86 492 80 78
12 20 952 14 124 45 245 95 216 54 267 44 215 98 41 32 70 82 424 6 196 38 350 75 249 83 450 62 200 69 462 92 496 56 382 39 1 13 111 5 308 89 396
13 20 374 43 119 27 417 2 396 7 473 25 439 2 54 26 262 65 421 34 409 14 15 64 263 43 376 13 384 34 318 11 420 27 49 17 133 46 234 3 90 70 178
14 20 279 12 73 23 341 57 78 34 92 35 168 44 1 15 78 93 113 9 413 53 88 79 185 69 228 66 302 77 287 79 3 6 228 51 130 57 236 5 398 74 324
15 20 751 17 260 54 88 13 497 79 257 33 70 42 301 59 175 56 405 75 485 90 439 31 244 70 480 82 199 42 332 84 113 48 112 28 462 96 257 3 379 43 42
16 20 735 83 37 16 43 98 392 10 189 11 89 72 336 48 215 82 315 5 61 68 323 17 351 58 85 55 113 47 480 40 182 56 369 69 143 39 256 71 230 35 376
17 20 651 29 291 97 481 11 93 77 324 55 21 51 395 34 5 36 209 64 368 2 216 67 277 87 94 96 455 68 218 40 251 58 256 26 43 7 445 12 270 22 176
18 20 1021 45 459 87 89 3 82 67 273 17 37 27 346 6 371 28 292 66 375 52 121 10 175 20 207 41 128 64 461 76 452 63 124 42 44 22 29 61 398 10 449
19 20 687 36 17 1 191 5 365 15 125 36 262 57 430 89 192 30 369 47 172 56 122 82 325 18 291 39 53 53 181 38 280 25 366 83 316 94 485 54 292 68 68
20 20 405 15 95 92 122 12 1 78 92 94 175 12 492 26 467 54 226 76 469 73 168 14 414 97 99 98 266 36 376 55 273 20 484 50 24 69 58 43 267 22 155
21 20 61 67 195 89 154 20 178 4 374 33 479 50 277 58 465 68 168 69 285 50 147 42 222 83 77 95 123 34 392 93 204 78 295 24 184 43 463 53 69 77 498
22 20 332 91 236 43 413 93 339 65 386 64 47 48 20 7 489 80 58 18 251 69 212 46 248 98 76 75 25 97 34 62 467 59 19 25 487 61 59 49 499 30 148
23 20 265 4 331 16 46 18 347 66 458 48 252 32 324 65 375 14 55 98 183 83 450 7 290 20 169 59 247 77 29 72 322 41 406 29 235 29 215 23 389 96 74
24 20 383 98 206 40 233 36 196 87 208 25 316 41 196 84 137 73 221 44 233 44 480 90 344 85 32 7 224 81 237 66 343 44 34 80 251 26 368 22 438 75 159
25 20 991 76 326 11 87 55 293 13 114 30 356 19 15 50 184 58 363 26 104 15 336 99 211 65 396 57 249 67 240 83 175 6 474 72 264 66 55 25 494 23 476
26 20 968 76 195 27 44 11 477 3 183 44 149 78 64 65 169 56 116 19 107 12 351 48 293 10 389 55 410 46 372 22 280 64 381 83 481 98 380 91 370 75 458
27 20 975 65 230 68 462 59 178 17 159 84 294 87 318 64 193 3 1 3 109 26 219 28 65 38 476 73 70 68 96 15 483 55 21 5 86 76 5 34 487 37 362
28 20 975 21 277 2 374 91 418 14 276 49 155 51 174 31 364 6 370 50 222 71 160 77 320 57 171 59 210 77 396 67 453 49 262 88 233 10 445 41 445 94 436
29 20 615 44 101 80 14 32 115 76 185 64 107 46 361 94 93 47 188 87 5 35 84 34 465 98 443 85 297 23 100 25 442 52 276 83 367 53 312 6 475 43 375
30 20 172 6 121 88 157 1 150 31 376 62 486 23 196 76 455 72 282 28 457 60 412 97 283 2 215 84 328 68 457 77 183 89 390 71 331 21 118 87 454 72 320
31 20 272 28 381 72 3 52 19 41 306 14 174 8 404 87 443 68 499 76 2 61 50 36 214 82 36 22 299 98 243 24 403 6 148 92 50 24 57 5 200 44 286
32 20 493 29 47 40 179 33 198 34 215 69 401 88 21 72 249 93 172 30 15 61 451 30 188 18 322 10 393 95 124 13 242 5 244 63 210 51 67 27 239 70 442
33 20 537 87 94 9 263 86 380 44 329 70 128 18 143 21 353 28 11 18 415 49 385 51 296 4 136 46 167 27 322 18 319 86 474 30 140 63 389 13 377 65 101
34 20 978 90 458 81 280 53 350 17 361 14 47 3 411 84 307 15 122 46 171 9 55 81 271 33 290 29 60 13 190 63 352 58 43 52 24 23 451 75 394 91 249
35 20 969 60 124 62 110 74 15 9 71 69 50 68 206 38 62 76 366 59 61 14 67 59 343 82 419 44 77 96 34 84 296 74 234 37 41 66 339 90 96 16 182
36 20 468 57 160 84 450 64 401 81 24 12 490 90 401 37 225 96 250 39 58 52 79 21 226 52 244 34 4 69 464 82 368 2 491 24 426 26 177 28 217 6 416
37 20 634 14 25 78 188 44 420 5 31 79 130 21 130 70 436 37 199 17 109 56 276 49 277 25 2 6 226 34 441 4 97 25 136 35 266 32 30 71 66 5 485
38 20 972 17 163 97 149 13 141 85 159 19 386 51 1 44 163 4 110 15 4 29 182 16 237 38 7 42 219 27 230 79 241 60 72 39 19 55 104 91 412 83 121
39 20 997 70 171 78 17 1 162 67 393 39 317 80 487 86 400 11 392 32 177 5 192 73 492 85 52 68 486 53 166 2 311 94 483 46 4 90 33 14 370 49 301
40 20 398 30 383 58 141 81 226 30 270 81 331 47 74 3 479 98 355 28 399 92 419 51 99 47 436 43 147 80 170 66 257 70 466 38 463 51 12 43 397 30 228
41 20 623 80 292 39 331 66 402 93 296 27 147 32 1 45 35 82 117 13 390 31 444 40 323 99 93 30 339 99 462 56 316 80 132 20 211 46 203 31 231 34 242
42 20 579 38 170 66 493 71 161 56 160 22 187 87 480 20 175 37 230 5 16 93 445 20 308 73 470 47 319 17 334 41 404 80 233 54 369 8 131 98 167 77 289
43 20 743 86 338 28 140 6 407 47 81 10 11 48 73 42 431 30 316 67 188 26 118 98 283 1 234 97 18 45 197 62 149 37 134 62 282 5 325 22 123 93 350
44 20 643 54 113 19 454 52 11 84 271 2 326 13 95 64 327 72 284 23 492 17 414 94 236 7 232 67 492 83 80 59 87 49 114 13 421 46 390 80 431 84 123
45 20 886 7 265 15 101 94 101 50 57 19 64 81 323 90 398 71 95 37 209 87 208 83 136 8 203 2 435 89 12 35 173 71 300 96 244 22 458 60 267 81 423
46 20 767 13 186 25 342 88 176 17 314 69 24 44 164 42 199 69 160 42 82 53 20 14 306 86 443 74 284 68 126 3 194 55 279 78 36 60 98 5 375 10 366
47 20 590 57 39 18 260 67 481 17 28 87 137 97 488 30 17 96 176 25 251 27 93 66 319 55 320 15 4 13 144 27 117 96 141 2 460 30 53 35 247 28 374
48 20 422 50 71 60 359 72 18 81 165 72 220 32 311 69 360 89 237 2 456 82 148 1 275 74 376 46 62 37 400 27 310 83 112 82 330 38 294 52 145 16 402
49 20 204 53 133 50 119 44 46 54 293 9 136 25 384 38 5 95 134 9 31 15 8 20 227 35 174 59 412 8 24 43 427 97 363 3 81 70 162 67 90 69 148
50 20 791 40 234 9 304 68 209 48 174 62 263 11 184 85 259 34 98 26 93 23 311 67 141 27 405 67 227 58 237 61 18 45 358 14 323 7 119 28 214 47 54
51 20 289 44 60 36 203 65 60 21 17 13 152 96 27 96 187 14 177 96 358 81 386 79 107 46 496 12 26 16 384 87 364 30 225 10 192 95 363 52 187 99 423
52 20 866 11 189 26 185 7 417 97 313 64 259 15 169 32 260 94 393 99 126 90 302 63 490 39 216 49 90 65 64 17 118 76 261 19 109 64 74 24 477 30 473
53 20 455 48 23 90 491 63 47 14 61 1 357 23 453 26 344 36 343 80 154 93 192 8 337 36 103 22 262 89 395 96 124 98 268 31 320 10 29 45 185 93 86
54 20 402 56 480 58 249 82 23 26 431 66 148 90 386 12 239 39 235 82 51 74 489 66 484 11 389 36 494 70 102 42 114 82 481 34 159 81 165 65 116 98 188
55 20 780 67 366 81 147 9 416 50 331 57 291 16 27 29 427 5 118 29 231 37 70 69 151 79 386 50 57 14 455 88 163 69 9 95 436 72 231 63 393 69 244
56 20 685 28 389 79 440 48 459 70 61 67 393 15 446 57 281 12 226 81 273 66 410 3 171 44 8 25 55 20 119 86 168 66 404 72 320 85 241 77 164 42 134
57 20 286 25 185 11 189 11 441 59 315 25 340 29 496 74 202 33 40 66 460 80 251 8 261 23 393 1 205 30 427 81 331 99 374 83 1 59 309 41 438 77 143
58 20 837 5 296 82 30 32 143 9 32 86 143 8 56 19 9 40 427 98 153 66 3 24 107 80 154 55 262 45 186 46 20 73 467 37 294 11 286 89 320 59 228
59 20 451 65 285 98 110 49 330 57 459 42 138 28 268 33 218 57 14 99 279 19 171 62 493 76 437 57 1 93 149 27 446 49 191 92 443 80 16 26 416 73 426
60 20 1003 15 280 73 354 96 69 97 458 23 354 53 438 83 108 7 8 68 8 11 125 58 365 70 470 41 326 59 12 27 140 29 127 79 354 97 206 52 199 89 187
61 20 159 70 124 98 437 66 224 4 404 13 54 23 424 91 73 12 334 97 457 14 431 44 405 77 308 76 56 88 333 95 26 58 323 88 306 5 363 99 44 65 329
62 20 1024 67 397 82 145 46 210 57 329 8 101 60 64 49 425 35 221 80 79 31 468 96 292 59 341 20 371 72 401 73 185 17 177 83 137 13 485 52 451 78 168
63 20 253 13 138 38 404 70 419 73 278 56 475 52 259 44 185 94 119 92 34 80 477 54 35 35 146 91 65 90 27 35 327 74 320 30 73 92 204 85 120 59 88
64 20 941 20 127 85 89 11 343 63 151 63 487 40 202 88 104 86 353 74 238 18 257 29 299 17 431 90 195 32 195 36 433 29 437 59 459 57 222 39 431 25 279
65 20 457 85 312 12 320 34 413 28 122 15 241 50 35 10 83 79 485 26 419 99 229 91 453 20 121 31 121 63 126 29 347 14 15 5 62 69 142 95 368 27 254
66 20 124 73 349 80 492 17 332 80 41 86 165 87 71 96 393 87 301 99 228 54 438 45 380 35 206 40 352 75 190 15 90 38 446 22 158 62 63 98 483 16 276
67 20 420 88 19 88 120 62 148 36 9 97 294 85 473 6 103 65 489 59 242 80 388 30 207 30 72 38 283 25 69 60 142 74 456 35 449 98 47 69 454 22 25
68 20 490 89 291 26 165 21 369 27 194 63 8 31 53 44 490 35 423 57 186 46 291 75 40 57 177 31 255 65 262 43 251 76 43 4 90 81 415 10 161 74 357
69 20 810 91 183 7 310 37 141 60 353 85 56 36 265 21 382 1 494 26 10 33 188 7 90 93 365 94 152 48 162 15 346 55 193 57 223 74 323 32 237 14 67
70 20 526 44 465 58 297 65 408 56 457 97 121 22 34 77 436 14 182 45 134 30 83 90 365 2 369 80 325 69 340 97 474 63 25 7 56 45 326 85 208 61 322
71 20 964 12 444 96 411 99 17 91 2 63 27 38 330 3 418 40 459 83 192 71 99 94 370 25 198 13 308 95 251 51 52 79 102 87 223 20 54 44 122 70 76
72 20 725 66 342 13 21 54 148 35 171 45 405 79 256 91 296 87 139 4 23 46 313 13 387 74 372 42 368 51 384 18 213 19 79 99 147 72 492 34 81 66 480
73 20 738 32 58 55 275 85 326 91 213 73 207 35 392 1 401 67 52 16 345 18 341 40 171 46 107 41 187 77 172 82 99 24 237 33 497 24 117 68 185 38 110
74 20 601 23 361 30 335 42 86 20 347 30 454 85 321 77 308 31 199 58 133 70 305 14 243 54 361 28 223 62 26 5 207 63 256 88 298 27 1 12 51 88 178
75 20 561 35 244 39 163 26 366 80 133 58 345 45 131 87 72 93 161 46 463 90 338 73 155 4 433 13 272 75 278 52 278 27 364 95 82 49 63 62 221 64 467
76 20 425 79 168 25 77 67 392 92 43 56 322 17 277 6 293 30 14 86 277 55 211 6 237 75 320 43 379 37 396 76 67 43 57 9 262 2 163 83 442 15 235
77 20 968 96 366 56 342 99 412 1 30 57 168 57 133 19 409 49 339 41 378 46 384 66 480 42 248 54 454 87 22 43 335 35 146 79 311 85 483 6 311 34 294
78 20 855 24 38 70 384 42 324 72 490 37 167 26 349 66 69 21 470 82 1 43 331 43 396 99 87 10 360 67 290 36 230 80 1 93 395 48 42 42 32 5 281
79 20 308 48 418 44 472 51 288 50 38 77 132 43 251 78 90 57 145 28 169 17 123 48 274 81 297 75 15 8 408 26 313 71 236 57 139 29 169 95 49 55 205
80 20 385 6 328 99 80 38 168 44 433 24 129 19 362 17 86 42 313 92 411 19 428 1 381 71 420 89 460 98 499 16 151 4 73 98 358 11 213 60 120 74 120
81 20 237 87 130 43 162 61 370 33 417 51 248 49 128 95 444 83 429 47 70 97 77 80 270 79 438 12 176 62 402 58 111 62 328 24 412 42 107 58 438 53 101
82 20 778 80 259 40 32 50 229 8 128 20 424 44 381 85 10 99 204 62 492 76 272 69 195 61 285 29 287 1 145 34 120 58 7 65 176 86 207 30 43 91 41
83 20 864 48 161 32 339 79 227 41 138 28 94 85 301 60 402 29 215 30 205 17 403 67 225 3 419 25 143 89 449 12 365 7 450 67 494 14 420 79 133 65 302
84 20 364 77 118 14 419 4 269 13 279 29 22 4 135 69 244 43 127 66 393 86 289 99 167 33 275 66 259 16 244 92 179 52 376 93 133 69 102 56 113 42 20
85 20 863 99 432 26 293 20 268 26 459 25 64 85 246 12 239 43 465 90 57 5 315 65 222 70 454 16 280 27 337 97 167 63 351 71 159 26 55 50 388 62 65
86 20 1026 78 104 82 255 5 291 94 436 62 103 97 230 84 15 50 362 72 477 61 59 56 428 29 138 43 132 51 337 56 24 20 75 93 272 82 91 32 229 85 150
87 20 97 25 278 81 202 76 303 58 13 48 477 2 49 81 31 21 201 35 106 18 402 25 213 76 412 33 45 24 28 9 31 35 290 17 266 30 373 50 355 28 227
88 20 504 8 254 91 25 4 173 42 220 15 382 92 172 84 134 86 231 77 486 28 13 29 147 13 462 3 65 32 429 72 315 91 156 10 43 50 332 85 167 23 449
89 20 727 3 155 32 73 70 291 83 240 58 380 23 39 34 348 70 380 96 451 67 23 87 209 37 106 93 346 50 380 58 15 81 242 83 295 62 113 76 402 95 490
90 20 134 98 263 87 415 79 369 18 457 96 304 41 18 36 64 92 63 90 117 65 394 63 264 71 258 49 33 59 99 94 175 76 64 97 244 78 453 23 171 82 53
91 20 965 50 31 75 347 67 82 71 405 69 34 54 323 80 253 38 306 12 153 28 27 28 57 88 226 93 5 24 32 40 305 34 492 67 222 99 417 26 73 53 28
92 20 533 86 174 97 367 13 107 91 158 50 369 8 228 3 184 46 9 34 420 8 435 76 475 25 251 32 485 98 256 61 134 19 331 55 96 33 312 83 393 28 344
93 20 726 96 372 99 51 58 165 29 237 84 205 77 98 74 451 9 309 29 481 48 462 50 329 95 38 34 151 98 398 32 372 1 187 19 87 13 401 51 27 29 62
94 20 848 45 152 51 63 68 42 28 111 15 231 89 376 87 153 67 46 74 101 69 296 62 336 19 373 12 19 17 303 39 94 24 70 94 205 62 80 89 457 33 55
95 20 615 92 139 45 10 8 315 99 259 6 496 16 358 16 407 59 390 98 15 70 148 42 248 4 55 29 21 47 348 47 76 37 113 27 305 31 327 96 78 18 23
96 20 341 61 492 55 17 23 248 22 21 63 154 37 69 69 66 44 294 70 168 90 59 67 16 85 465 11 212 98 189 57 426 92 28 63 365 44 313 38 44 48 428
97 20 260 56 204 97 321 35 380 26 332 38 420 98 5 18 40 12 139 76 440 43 312 36 241 59 163 53 444 34 122 16 23 11 204 12 288 40 425 85 150 22 455
98 20 395 54 413 46 395 95 178 93 375 87 345 53 267 87 151 8 269 98 401 73 375 56 329 58 114 94 119 25 480 87 498 29 3 7 62 70 143 12 205 10 290
99 20 560 59 128 65 192 7 68 73 59 11 241 12 291 46 265 19 171 19 246 23 127 60 416 13 236 19 495 71 106 71 374 69 161 22 37 40 72 65 151 31 14
100 20 1049 19 129 34 101 56 422 35 2 82 283 3 91 51 358 74 241 29 151 81 270 66 397 19 83 28 163 54 390 32 96 77 23 33 190 13 365 13 347 42 108
101 20 747 2 487 10 348 97 162 86 278 53 185 74 432 56 444 84 14 22 318 36 241 71 446 69 240 57 16 66 56 29 191 42 477 74 478 95 168 33 183 5 274
102 20 831 3 359 60 67 18 4 1 283 50 11 56 463 45 204 53 125 74 221 65 267 90 497 44 378 22 223 15 286 81 368 40 216 52 228 44 319 25 268 92 54
103 20 320 78 267 12 352 22 234 44 44 65 224 49 448 39 298 51 212 9 400 43 393 61 45 55 378 88 219 51 60 18 54 83 40 99 212 99 205 28 223 27 406
104 20 70 91 477 55 454 79 487 95 299 94 398 7 24 31 22 48 245 48 275 95 191 59 190 7 282 27 279 5 150 66 459 11 346 39 317 41 60 53 54 87 63
105 20 171 37 260 70 122 58 78 80 375 42 218 55 103 72 438 3 72 90 419 56 179 59 61 55 342 22 319 77 245 38 10 12 90 33 74 43 215 23 237 54 401
106 20 135 85 446 46 363 43 197 94 292 72 224 52 192 45 226 11 330 30 83 7 174 52 473 60 357 33 310 70 229 92 194 27 254 74 249 74 129 69 193 90 53
107 20 309 20 120 40 488 51 207 53 244 62 358 80 462 43 445 25 334 99 436 63 108 98 178 35 165 46 480 81 166 90 137 11 272 31 425 1 352 24 383 68 362
108 20 929 28 139 72 149 82 434 1 142 46 136 83 53 83 227 30 38 3 274 69 10 92 408 88 377 46 84 62 358 60 31 43 489 1 457 99 94 38 418 55 337
109 20 366 76 73 73 234 62 78 38 191 89 188 28 330 82 18 94 63 55 349 48 24 84 37 33 404 18 79 19 169 79 204 73 339 26 217 35 343 33 117 28 113
110 20 1033 80 319 14 300 37 446 21 190 85 304 75 165 10 228 91 488 68 98 16 274 66 320 49 355 74 54 53 56 31 8 91 215 39 367 59 241 96 339 17 60
111 20 1026 92 99 93 431 94 362 22 394 31 93 18 351 5 203 93 331 23 159 50 60 21 152 91 217 83 240 39 468 46 192 75 35 65 303 7 131 39 423 68 208
112 20 112 14 74 52 497 5 382 21 443 9 100 6 313 71 227 99 297 84 440 75 62 40 338 23 479 23 265 31 457 53 417 82 238 66 497 30 186 42 450 38 274
113 20 341 12 451 64 40 96 9 78 424 88 168 28 331 4 428 14 288 82 314 47 448 81 382 64 255 33 463 98 237 30 191 5 397 20 23 31 70 19 492 5 206
114 20 711 78 195 72 451 43 499 54 100 5 130 41 325 92 367 42 224 70 7 22 309 69 343 24 147 74 439 74 452 83 235 57 100 73 141 88 394 72 39 33 382
115 20 675 89 398 13 212 39 118 49 343 96 360 62 443 77 305 96 104 99 54 87 152 24 70 32 321 47 20 58 184 43 136 99 322 18 493 72 4 95 158 83 208
116 20 666 95 365 26 259 70 35 91 48 36 74 88 128 66 294 96 228 75 48 84 43 85 424 74 27 67 262 1 218 52 417 20 72 86 1 65 208 94 155 83 231
117 20 276 40 39 16 332 28 410 51 76 85 209 17 65 54 232 97 190 17 143 89 264 26 183 62 314 8 236 57 180 61 74 94 294 60 215 85 260 53 61 17 298
118 20 837 1 115 45 93 77 321 58 399 83 308 7 358 19 150 95 356 83 190 52 414 61 445 7 362 32 397 20 462 74 470 70 339 53 133 81 333 24 64 10 284
119 20 167 28 199 23 154 40 76 13 364 75 157 49 101 86 489 71 289 50 78 9 300 53 391 85 224 99 279 90 115 8 327 44 269 13 298 56 235 22 367 90 286
120 20 633 26 138 42 111 26 387 60 405 14 352 65 408 36 250 68 300 16 212 23 102 61 369 52 182 31 243 90 476 11 131 47 3 69 429 38 148 1 422 79 291
121 20 634 85 57 1 373 99 124 20 344 4 315 17 92 34 108 35 181 64 472 60 462 52 290 84 42 34 337 53 481 10 245 1 9 96 452 16 292 94 71 86 250
122 20 595 71 173 1 306 32 368 88 458 66 201 36 473 59 142 59 44 38 264 37 346 51 210 83 288 7 63 62 96 64 369 10 194 36 289 96 244 80 431 87 267
123 20 94 48 1 4 44 29 160 50 293 36 83 61 473 4 281 58 318 34 108 9 272 75 202 89 132 64 277 47 433 36 183 99 275 79 310 39 313 21 292 14 115
124 20 893 32 288 74 121 11 461 83 141 69 362 35 261 89 126 14 90 11 496 69 29 47 332 87 222 92 147 68 162 67 469 42 116 41 376 26 267 89 461 58 55
125 20 821 71 133 81 188 16 196 78 433 63 386 35 58 25 48 32 57 79 482 75 66 85 323 88 144 42 107 66 442 91 376 32 323 21 396 45 201 13 167 82 348
126 20 844 65 250 77 104 56 448 69 20 70 169 77 347 30 473 70 350 40 286 97 4 59 324 26 408 5 46 60 44 43 435 76 208 38 29 37 96 46 155 99 37
127 20 332 44 492 17 37 47 270 1 76 17 100 47 65 2 119 5 471 8 439 80 272 90 182 63 288 79 5 92 145 20 170 82 301 31 465 12 463 41 494 91 486
128 20 372 47 267 34 467 78 182 75 358 92 295 68 238 49 449 20 250 55 176 45 301 74 69 43 107 87 337 13 251 79 82 55 336 52 55 56 222 70 437 15 57
129 20 724 42 117 5 313 61 443 25 180 55 404 66 457 25 302 15 239 36 484 27 443 51 189 95 455 3 122 6 232 9 205 5 35 38 317 30 478 48 286 8 369
130 20 192 15 188 78 65 29 329 45 270 53 155 70 369 34 160 21 495 6 335 81 403 10 211 81 257 58 286 1 475 62 389 23 434 47 151 82 358 62 131 44 37
131 20 469 64 145 55 160 22 354 6 172 17 194 72 489 32 426 19 378 40 197 3 314 53 23 88 104 56 32 10 257 25 92 61 472 10 354 47 316 62 206 75 84
132 20 760 29 387 19 442 18 479 89 465 73 78 6 89 16 61 78 212 55 295 24 351 34 219 53 337 96 195 41 485 49 55 45 380 29 31 42 341 70 368 53 68
133 20 350 1 273 34 69 75 311 95 9 50 431 85 280 76 219 43 31 58 235 98 341 68 251 27 344 10 14 78 491 68 50 51 357 39 272 10 108 71 382 14 6
134 20 78 78 437 12 221 3 232 62 113 99 453 20 117 7 178 9 254 43 172 38 3 76 461 77 225 94 210 72 149 68 241 96 87 67 426 43 19 5 443 51 52
135 20 186 46 98 44 379 87 252 31 188 76 499 33 398 9 128 91 189 67 65 9 21 52 463 34 44 61 197 60 305 22 1 50 370 29 374 96 173 4 468 24 28
136 20 960 73 70 68 29 37 446 61 379 4 71 88 290 94 106 94 160 23 269 51 499 34 86 94 456 17 389 75 317 99 245 13 68 9 91 96 345 14 440 51 159
137 20 810 79 314 3 206 36 79 67 477 70 364 57 202 99 19 80 462 99 273 31 472 96 198 74 383 33 246 74 183 60 456 19 446 51 342 50 355 42 209 64 89
138 20 901 60 129 30 1 43 211 73 183 5 442 48 180 12 323 96 250 77 258 79 351 11 113 24 401 99 296 18 164 46 76 85 24 97 138 94 360 51 106 57 109
139 20 228 69 32 24 122 70 233 22 395 41 100 81 279 26 29 51 208 16 184 89 51 99 377 71 230 28 290 95 104 82 8 90 137 15 404 53 437 67 188 7 167
140 20 179 52 2 56 43 1 419 62 213 14 494 74 388 79 436 78 35 88 4 58 82 96 454 82 158 37 129 71 83 85 457 83 281 73 240 43 188 30 148 25 289
141 20 1039 83 143 36 186 53 202 36 407 37 4 47 415 76 136 99 242 65 330 98 90 33 234 68 303 15 223 19 422 11 437 43 205 67 287 10 56 56 440 58 440
142 20 211 99 66 66 306 28 390 95 114 48 481 39 263 27 305 34 292 23 470 26 150 17 362 81 77 59 389 62 79 75 180 10 42 44 116 86 248 81 357 12 157
143 20 1040 38 263 56 369 28 387 46 312 31 208 81 417 5 396 31 196 92 294 36 296 24 396 96 496 5 10 40 25 43 140 83 448 47 415 93 156 17 246 74 166
144 20 938 95 450 68 325 87 334 19 482 35 134 91 409 21 412 10 112 41 273 82 202 55 110 93 158 44 145 69 44 93 448 70 260 90 228 9 471 46 63 26 116
145 20 174 32 123 96 248 55 346 96 196 51 398 65 268 31 172 53 390 45 281 57 383 29 482 87 140 22 353 77 482 75 165 25 471 38 91 42 71 51 36 8 120
146 20 590 86 120 11 370 27 51 52 105 72 75 28 368 74 414 34 150 82 323 79 27 99 429 74 7 85 72 69 221 83 344 63 52 48 346 51 77 44 28 24 429
147 20 315 9 417 76 42 81 304 38 14 22 456 38 254 91 179 63 325 52 477 91 54 71 184 4 159 47 10 84 6 62 18 80 312 25 359 67 68 15 275 97 340
148 20 164 55 378 13 473 37 239 34 266 47 155 62 222 10 333 79 416 29 497 91 482 41 293 94 141 81 48 18 459 23 177 88 8 25 246 10 290 51 468 14 301
149 20 974 60 64 28 203 51 394 3 146 35 12 39 298 14 99 4 240 49 335 4 271 27 221 84 432 98 301 40 205 71 111 5 84 86 279 28 15 66 279 92 383
150 20 819 51 358 35 132 47 210 12 113 47 496 15 288 39 234 67 96 97 182 28 98 60 490 7 402 24 88 16 250 6 483 42 283 51 216 51 268 53 95 5 142
151 20 583 73 247 35 470 16 37 9 27 44 163 36 417 3 343 37 141 61 402 10 308 33 336 47 247 88 481 14 443 54 20 78 403 55 93 27 437 18 260 49 295
152 20 639 34 92 27 414 46 121 62 176 76 84 60 111 89 146 11 338 39 5 79 250 98 397 6 457 59 290 99 488 95 427 41 165 84 369 12 116 92 367 65 14
153 20 928 72 237 36 456 36 164 53 230 60 341 23 343 46 78 41 53 39 444 41 450 87 178 79 195 42 199 66 179 11 318 58 90 65 303 67 407 26 234 5 136
154 20 156 69 24 91 274 52 25 43 246 17 321 56 247 16 222 43 103 15 285 16 304 53 62 78 207 31 280 33 459 39 398 68 95 56 473 67 150 34 449 80 422
155 20 205 85 459 66 175 96 444 7 281 12 452 14 151 45 439 57 349 49 423 88 335 5 363 16 471 46 251 30 319 44 186 54 246 78 1 74 247 46 63 16 164
156 20 340 53 248 92 325 18 108 95 98 30 125 32 93 11 13 35 391 68 407 86 347 42 162 61 179 88 395 23 267 4 398 51 144 78 407 74 243 85 385 60 224
157 20 626 18 469 85 169 70 270 74 310 11 32 70 295 46 39 73 253 19 472 68 448 7 495 93 373 57 60 49 261 50 124 7 90 10 367 15 193 64 69 70 30
158 20 798 39 394 4 4 29 319 18 321 51 378 48 71 50 309 49 193 91 70 99 415 87 88 31 170 30 63 17 55 87 488 49 193 37 274 63 442 2 479 48 134
159 20 252 89 124 4 399 64 417 25 166 92 303 19 100 95 62 40 128 78 122 80 256 89 65 66 151 30 2 70 214 11 200 71 435 38 421 28 11 19 31 32 484
160 20 490 27 450 40 30 3 381 71 369 39 16 53 252 72 366 53 478 21 350 78 181 89 489 92 378 1 14 25 275 13 56 59 20 60 34 69 253 93 437 79 499
161 20 152 9 425 65 244 55 43 58 205 5 127 53 36 88 56 25 40 94 418 94 168 79 270 47 174 93 325 39 108 11 363 69 312 98 7 93 108 26 284 89 142
162 20 347 74 463 83 374 36 235 78 180 51 254 17 213 96 7 33 163 19 259 4 357 78 454 44 256 28 199 47 55 9 412 65 343 23 265 38 172 80 7 50 139
163 20 714 88 499 93 298 68 68 38 489 19 25 62 172 79 113 72 271 19 120 53 261 56 223 36 395 17 444 85 245 73 41 82 380 5 26 52 288 97 457 9 31
164 20 95 17 247 75 49 16 173 10 361 54 277 26 456 55 44 39 435 47 424 25 38 78 141 7 72 20 119 15 190 52 159 55 321 22 379 71 164 74 193 82 59
165 20 433 16 485 68 391 45 276 97 317 15 320 67 110 6 327 28 51 58 242 95 379 44 435 37 129 38 121 15 492 81 369 47 103 73 114 82 5 70 176 70 224
166 20 348 37 467 83 239 85 483 91 390 57 353 42 204 57 489 78 13 76 403 8 270 47 172 20 65 14 421 12 390 34 163 45 377 33 380 94 244 50 172 22 345
167 20 394 37 44 32 390 10 239 35 45 71 262 28 263 17 229 78 372 68 99 83 125 42 475 90 254 47 204 84 229 84 478 95 109 69 260 97 11 11 221 41 450
168 20 468 41 275 66 251 12 22 63 138 15 60 17 388 67 465 24 38 50 333 55 268 91 450 76 355 92 258 39 326 19 444 78 215 25 297 15 239 36 325 97 130
169 20 72 69 495 75 262 39 24 9 35 14 23 2 325 89 294 36 162 21 424 20 300 26 230 94 466 53 170 40 218 56 123 69 51 42 229 84 300 45 197 96 129
170 20 50 8 367 4 132 1 181 3 88 19 309 41 340 45 165 73 466 94 142 81 433 51 113 38 479 98 157 91 176 90 67 15 241 82 473 49 336 22 141 23 86
171 20 814 8 111 57 179 20 397 57 89 12 354 52 399 5 448 19 341 80 185 79 399 49 261 10 127 87 84 15 279 81 488 86 263 94 345 67 166 1 365 99 34
172 20 128 7 29 57 140 78 14 67 323 15 90 33 94 36 107 18 103 70 119 5 39 21 292 26 336 89 334 63 27 90 35 38 222 18 471 23 455 4 469 71 206
173 20 395 23 112 59 260 64 84 66 445 95 437 8 372 15 39 55 255 27 474 48 200 26 364 31 140 36 243 66 406 27 49 92 135 9 125 96 127 17 399 20 236
174 20 886 83 481 97 162 3 256 35 91 43 414 19 178 9 350 10 252 53 389 86 305 62 399 56 373 34 399 93 227 86 320 64 399 17 141 87 497 42 235 63 490
175 20 749 80 79 39 380 77 277 7 284 2 321 17 265 73 115 68 310 69 462 6 416 95 354 82 161 48 134 68 302 73 445 42 165 70 85 49 154 74 457 59 139
176 20 511 34 149 35 199 16 322 26 342 69 277 21 320 61 71 2 353 85 187 8 91 90 293 25 393 14 481 82 284 4 51 4 302 37 415 92 86 35 12 36 401
177 20 991 72 366 24 19 19 376 44 261 86 300 59 446 18 165 13 64 81 186 21 40 97 264 88 264 4 284 60 160 84 308 70 100 53 321 78 369 32 466 86 149
178 20 615 91 371 69 395 65 415 30 366 9 211 38 159 85 73 13 356 60 384 81 323 80 137 30 260 79 158 88 310 93 434 51 486 33 7 21 449 19 342 74 80
179 20 399 40 96 95 491 91 172 27 387 9 290 92 476 93 128 92 52 37 287 95 306 83 91 10 413 90 364 95 108 95 166 36 419 44 164 65 10 90 481 72 421
180 20 483 53 234 15 341 87 455 75 335 32 134 3 498 45 330 57 3 46 114 1 367 45 179 57 42 43 197 49 279 92 178 99 267 37 36 53 424 96 132 28 347
181 20 844 24 341 77 152 72 341 88 473 97 135 23 159 77 473 62 74 48 1 46 50 25 362 6 127 61 420 80 174 36 72 7 275 10 86 40 338 17 311 19 316
182 20 611 38 23 1 458 1 143 62 171 52 75 78 419 8 110 67 257 80 289 29 363 66 440 3 226 26 342 37 20 89 345 54 210 6 6 21 487 59 59 8 235
183 20 344 6 188 71 147 18 389 14 246 4 476 62 428 85 362 72 459 96 152 48 496 34 261 78 178 88 187 19 269 17 476 88 99 59 360 41 459 73 428 67 403
184 20 98 41 381 81 238 6 184 74 430 67 408 34 490 34 470 53 254 47 132 60 451 48 256 2 85 98 454 98 450 33 146 67 199 50 468 58 420 35 236 12 478
185 20 591 78 402 55 259 86 246 10 323 42 14 54 47 17 296 49 424 15 150 88 270 51 323 90 43 57 147 11 324 4 141 1 221 54 371 52 419 79 463 51 180
186 20 720 72 70 37 353 86 63 56 245 7 411 73 288 19 290 6 188 34 456 47 181 23 273 78 194 61 205 62 271 85 228 7 216 2 431 3 461 40 412 22 283
187 20 923 85 75 13 162 79 130 75 385 61 46 52 62 94 180 92 223 41 279 66 418 58 292 27 87 19 92 10 98 39 71 33 141 6 321 55 374 82 190 41 9
188 20 289 65 142 21 193 28 234 82 308 93 248 88 115 87 307 68 472 87 452 36 337 92 405 81 341 97 118 4 279 82 215 34 165 15 367 57 420 45 23 51 344
189 20 542 26 54 99 294 72 197 39 250 53 19 1 120 66 459 21 309 90 409 55 301 85 319 37 207 7 252 52 467 8 59 73 78 78 73 83 454 5 193 34 351
190 20 149 61 290 29 215 42 300 19 410 16 163 85 352 55 5 21 261 29 57 18 235 81 378 98 15 99 356 66 310 10 288 25 257 91 280 25 245 70 292 58 164
191 20 632 96 277 72 370 34 121 94 76 81 438 25 44 93 47 52 68 13 359 65 364 25 357 31 223 14 318 49 211 74 154 35 174 87 25 96 392 26 244 56 131
192 20 768 16 422 28 217 24 380 41 100 46 303 47 71 90 228 64 247 22 158 25 152 64 272 22 305 85 232 20 415 74 467 32 409 84 22 99 133 72 331 87 100
193 20 217 41 196 8 294 31 62 3 97 50 378 56 115 33 260 29 278 59 300 83 96 34 68 76 480 59 89 91 140 96 410 25 498 25 240 83 187 27 96 17 240
194 20 195 82 453 80 496 25 17 3 435 87 53 81 426 22 280 8 169 68 162 75 368 27 162 44 114 40 297 22 391 74 224 64 46 43 164 92 342 83 250 19 104
195 20 656 17 354 86 159 56 90 99 350 21 176 52 54 51 2 7 37 52 440 78 219 63 370 58 355 63 187 14 234 16 123 82 60 16 238 60 441 48 395 4 8
196 20 527 83 348 83 113 13 347 47 218 46 401 32 110 43 467 88 266 27 476 17 342 58 179 62 8 90 495 52 485 58 155 17 473 48 132 91 327 75 340 46 158
197 20 797 43 345 54 220 2 437 1 41 57 152 64 371 85 82 91 483 21 258 52 231 67 285 66 444 2 255 56 66 36 456 89 51 74 459 25 371 69 259 4 461
198 20 305 33 53 1 147 69 73 49 23 15 285 9 314 26 360 68 142 78 334 95 98 32 132 95 179 76 494 61 186 86 131 12 454 10 159 14 191 20 314 2 98
199 20 647 17 34 39 144 99 98 8 332 75 235 97 315 69 491 1 352 65 235 3 37 5 499 26 13 1 21 12 266 18 471 8 378 60 239 11 125 78 410 26 297
200 20 513 85 466 99 387 1 7 17 311 24 218 18 238 39 479 17 377 10 342 91 120 94 455 71 442 94 323 99 39 34 232 41 100 59 315 4 53 52 259 54 171
201 20 275 36 441 2 260 63 385 9 46 51 427 51 13 26 356 54 424 58 250 1 146 87 412 55 476 86 317 47 317 6 303 33 295 83 189 86 377 25 75 27 462
202 20 312 28 212 98 106 53 166 92 456 40 279 10 189 99 321 83 367 9 306 11 147 17 99 49 294 33 453 84 411 33 51 47 463 86 350 1 327 31 486 78 438
203 20 354 54 227 76 384 81 139 56 21 87 310 65 253 91 483 97 325 76 488 20 494 63 489 69 210 47 476 12 155 85 495 42 148 12 141 75 496 78 130 90 477
204 20 423 61 125 36 158 37 427 41 297 15 78 86 148 59 141 25 266 80 232 77 497 27 54 23 7 82 481 20 150 68 166 13 190 40 476 8 244 62 265 75 122
205 20 594 73 455 6 166 7 48 98 142 30 255 55 2 35 191 47 382 67 210 95 454 97 244 96 347 46 104 94 60 39 82 68 252 27 274 31 376 72 302 4 194
206 20 138 19 110 38 176 82 67 92 80 71 158 81 156 79 3 89 205 49 461 69 134 5 393 41 335 54 288 1 85 19 424 91 333 56 285 76 135 62 209 59 442
207 20 266 62 365 72 83 68 184 65 409 15 422 29 238 3 34 73 354 30 38 14 365 69 105 6 12 75 411 99 54 88 135 68 149 48 238 48 62 60 69 75 128
208 20 255 70 242 72 174 24 445 21 486 33 456 61 467 4 425 91 454 3 339 50 60 98 112 50 467 46 204 72 456 56 325 1 29 34 468 61 300 79 318 52 58
209 20 881 80 260 19 482 35 203 24 137 67 428 3 442 75 7 50 455 63 98 27 480 39 198 57 112 24 219 4 25 16 337 34 485 60 443 39 122 6 287 18 419
210 20 1025 8 374 66 262 8 301 73 325 35 245 14 308 65 101 71 262 5 387 65 396 14 485 68 16 8 429 41 377 55 164 57 245 7 261 54 338 54 151 55 277
211 20 1032 17 382 13 1 2 95 54 231 57 1 83 130 21 405 74 149 96 358 43 215 77 468 60 260 38 73 95 126 17 58 78 3 29 214 8 170 29 425 93 369
212 20 638 97 471 53 144 70 468 86 414 71 346 70 374 76 470 27 219 51 232 86 128 37 372 66 245 1 256 61 161 11 25 31 190 69 498 25 188 62 269 57 239
213 20 832 65 146 27 238 99 225 15 101 71 16 86 172 48 16 72 214 48 115 66 135 2 158 91 284 40 150 35 170 83 108 12 487 60 310 57 70 60 284 22 496
214 20 439 59 462 48 371 54 228 25 459 86 119 15 199 22 209 8 478 82 16 54 345 28 91 76 99 25 136 43 468 2 97 37 386 23 488 87 129 23 440 70 209
215 20 91 18 276 3 204 55 238 66 215 50 67 50 420 88 222 3 224 35 384 69 128 31 120 66 158 30 418 50 204 56 135 98 366 88 129 19 472 19 3 80 35
216 20 970 16 485 69 140 56 354 4 71 13 33 83 345 66 499 20 463 1 75 59 287 30 98 54 198 18 198 62 433 38 193 4 335 17 375 6 498 15 393 37 386
217 20 440 47 117 73 116 34 314 70 29 90 81 16 191 63 410 65 378 3 62 77 103 72 455 29 47 45 256 5 335 5 394 21 287 53 372 10 192 32 267 75 399
218 20 769 95 152 24 374 70 43 69 263 29 471 73 14 67 3 68 294 41 477 83 19 97 138 61 139 67 277 52 72 54 496 39 388 44 385 23 430 42 13 37 492
219 20 663 65 414 64 366 34 232 16 149 48 334 82 191 91 273 46 127 90 91 15 336 33 222 3 347 54 364 91 286 45 81 89 220 4 198 99 291 57 464 93 11
220 20 852 90 23 18 447 86 242 37 138 29 286 72 395 3 348 7 151 59 228 78 119 90 52 20 182 5 160 36 412 80 97 16 353 5 64 41 148 99 282 81 327
221 20 418 63 2 62 186 96 149 85 374 95 166 92 159 33 41 58 373 6 192 6 133 21 288 51 27 92 206 30 495 87 486 77 446 89 361 59 50 53 30 14 292
222 20 688 10 319 15 402 84 458 27 311 9 329 34 380 87 328 11 205 36 26 54 381 10 204 98 95 14 382 42 1 81 291 97 96 90 54 65 6 2 40 18 405
223 20 368 81 12 14 80 29 149 5 293 81 489 80 337 82 451 94 111 64 434 48 53 76 259 50 195 16 74 17 319 60 423 77 453 65 114 56 223 56 261 54 148
224 20 517 80 445 85 298 86 175 5 432 21 357 44 247 65 404 63 157 71 445 53 421 53 39 2 420 40 28 19 411 94 236 85 173 81 284 92 11 82 370 62 202
225 20 421 49 187 58 378 74 156 84 195 70 144 71 303 56 488 56 12 61 214 33 239 97 273 98 20 56 306 21 117 13 200 38 203 71 263 48 158 35 278 87 447
226 20 578 28 127 94 397 84 298 81 417 99 54 62 105 41 410 69 123 22 452 40 200 97 440 39 378 62 435 88 457 95 150 84 404 55 196 3 425 68 282 98 314
227 20 446 30 273 12 69 41 450 38 447 21 155 80 291 61 257 69 386 31 487 56 214 16 467 77 420 56 115 85 332 2 386 33 382 46 84 44 338 43 326 58 360
228 20 919 42 464 9 338 38 65 89 154 84 99 78 469 16 370 91 146 23 183 20 448 92 393 36 452 6 186 9 25 46 169 76 54 54 317 76 493 85 41 88 363
229 20 459 55 15 76 109 62 367 6 87 59 334 65 3 85 156 77 470 14 315 40 253 28 119 81 379 32 277 29 366 20 309 37 107 7 42 91 371 33 358 39 317
230 20 501 5 303 51 183 88 402 3 212 49 493 65 417 73 100 95 180 42 390 80 62 97 268 45 149 63 77 9 423 66 62 27 318 46 1 70 437 11 485 92 267
231 20 754 1 476 50 90 66 136 72 380 58 127 24 191 65 206 19 162 58 354 25 116 9 186 11 267 31 242 47 41 36 35 46 247 86 165 68 450 41 201 1 461
232 20 791 53 396 50 124 10 494 27 468 87 445 53 185 14 324 40 176 44 50 69 429 17 237 87 190 20 403 98 406 64 78 23 36 43 234 7 19 1 420 29 152
233 20 268 29 146 96 401 77 411 15 325 82 341 59 201 61 409 64 489 38 154 48 393 98 442 41 451 54 110 61 351 62 68 26 57 71 32 88 149 43 324 75 16
234 20 77 50 130 58 236 26 231 10 117 28 397 43 209 16 203 27 220 82 411 77 183 36 199 71 260 44 171 4 144 69 88 77 127 1 283 29 234 12 172 77 1
235 20 857 28 147 91 404 86 381 37 82 79 221 66 46 48 396 81 274 81 209 67 121 12 207 92 28 31 487 32 469 41 262 25 481 6 253 84 332 3 347 42 373
236 20 408 95 490 40 486 55 255 40 45 86 76 46 37 10 151 9 467 68 423 29 246 35 249 10 189 9 319 10 254 75 302 46 487 49 47 57 241 69 132 58 496
237 20 940 88 428 84 268 19 110 97 230 78 496 77 258 96 87 58 135 84 239 86 269 9 48 44 256 82 48 76 140 78 436 17 418 67 57 92 277 7 149 93 409
238 20 471 76 167 78 204 25 268 25 172 18 106 49 323 98 158 55 284 88 137 7 411 79 65 11 344 62 264 99 448 62 411 42 22 41 59 28 187 57 105 90 24
239 20 574 73 91 9 121 16 158 49 67 91 488 44 207 79 400 90 451 3 377 37 112 77 129 92 126 90 454 37 226 38 298 54 474 42 290 89 175 15 155 53 79
240 20 443 4 346 36 65 57 265 60 219 14 478 24 196 60 331 78 23 35 101 44 194 42 422 81 496 17 290 75 265 37 5 66 445 64 10 30 140 57 300 45 19
241 20 530 27 76 62 7 27 373 84 322 86 365 92 233 87 72 69 197 83 281 60 169 71 32 28 157 49 480 61 234 1 78 57 313 73 214 24 386 92 113 21 371
242 20 494 93 306 37 3 86 417 25 135 9 307 7 61 34 430 63 168 47 120 80 406 86 4 30 429 56 203 47 374 97 194 79 212 81 4 17 361 93 130 93 16
243 20 342 68 456 41 286 91 428 79 336 64 297 34 175 58 415 18 10 73 468 45 31 18 312 90 232 47 23 59 472 46 317 41 113 32 50 3 334 81 239 68 127
244 20 109 8 98 33 333 91 279 72 83 51 88 13 107 70 315 19 384 78 149 13 32 15 208 50 21 9 231 5 261 83 198 92 35 71 394 42 499 39 52 63 103
245 20 793 90 363 83 344 58 215 81 466 23 369 92 182 55 79 28 89 52 263 58 212 55 186 6 24 51 320 2 426 62 232 23 79 42 73 57 32 71 185 27 59
246 20 181 93 375 45 51 62 496 22 165 17 378 98 285 11 387 8 32 36 372 64 60 28 164 19 251 97 450 51 11 51 363 27 209 91 491 98 210 55 152 50 3
247 20 640 47 413 26 356 34 89 76 233 29 217 46 42 60 163 25 188 1 472 42 325 91 262 68 438 92 183 77 388 36 497 5 161 53 78 2 175 84 16 96 224
248 20 456 84 97 93 267 58 38 44 338 3 214 36 232 91 308 18 52 21 30 11 94 69 41 61 105 47 29 97 267 32 435 13 309 97 122 16 380 26 335 43 108
249 20 892 40 305 3 432 29 253 55 406 66 485 15 166 75 178 44 476 41 347 81 33 51 408 53 155 87 458 61 33 4 203 59 490 69 382 71 486 32 434 72 461
250 20 445 91 369 47 297 16 365 79 483 11 421 46 302 38 354 14 129 13 302 89 156 96 455 69 313 57 190 11 203 83 16 38 321 93 314 58 107 63 446 5 241
251 20 98 43 447 18 261 64 81 4 309 29 21 89 297 15 307 20 104 74 338 76 344 63 207 44 313 20 372 59 345 30 441 1 435 11 292 99 371 48 493 98 56
252 20 69 60 404 21 314 5 246 84 43 14 88 40 4 99 357 79 332 81 293 54 480 85 467 81 430 7 1 28 54 30 100 52 138 19 434 74 118 45 450 35 344
253 20 84 67 205 54 449 40 155 32 368 9 237 60 24 17 203 67 491 51 494 41 270 34 258 58 448 87 217 79 261 32 73 62 256 73 26 96 27 55 259 45 63
254 20 864 47 33 78 444 80 451 7 181 58 191 96 221 24 134 55 141 79 424 71 151 79 494 16 359 53 102 40 30 8 377 70 34 10 279 91 108 77 259 27 268
255 20 763 7 373 45 352 17 170 20 85 33 92 24 445 50 222 94 185 30 114 65 304 27 365 86 31 63 211 83 246 15 135 77 484 8 176 66 145 99 442 90 369
256 20 897 55 495 35 131 38 390 62 89 24 91 64 85 69 399 39 484 43 108 62 120 25 379 88 425 20 315 76 93 14 73 16 317 63 303 29 122 8 270 18 493
257 20 637 62 18 41 149 44 96 77 493 73 434 88 280 27 419 86 279 59 438 77 11 28 189 70 256 63 231 76 395 75 198 24 353 18 177 31 363 6 333 46 366
258 20 838 31 208 62 9 92 378 40 53 62 179 65 305 68 497 2 16 77 127 51 76 23 71 45 314 96 395 23 23 92 192 52 162 36 299 43 441 22 200 1 204
259 20 493 6 222 20 465 23 331 26 337 16 204 59 484 65 358 33 226 44 154 35 54 3 499 40 55 52 481 59 90 23 368 29 246 91 52 52 481 58 209 90 295
260 20 831 15 497 97 98 77 262 59 209 13 147 5 130 67 174 45 272 75 408 36 376 58 227 80 137 78 13 29 298 51 207 9 365 98 94 82 3 72 407 89 428
261 20 113 93 433 64 428 64 498 15 430 76 55 10 90 91 416 31 388 79 385 76 291 38 441 41 419 29 155 7 205 44 287 44 78 14 198 88 153 47 388 99 291
262 20 839 73 334 82 135 13 129 34 127 22 232 17 29 99 440 82 295 47 167 2 116 42 261 13 354 42 318 3 206 53 458 34 98 72 486 95 108 50 59 10 442
263 20 234 52 270 71 39 16 391 28 459 37 300 12 382 6 397 67 111 94 490 28 415 21 255 93 238 89 452 19 41 48 456 42 224 84 43 25 449 22 492 59 119
264 20 774 51 363 38 233 53 372 74 189 20 188 20 494 2 471 42 275 51 93 41 330 40 226 12 74 29 197 12 466 37 249 27 180 70 26 3 292 31 288 19 447
265 20 268 23 462 68 125 17 293 27 342 32 53 78 233 22 431 44 415 5 233 32 158 45 295 87 81 5 161 46 256 48 427 12 363 29 431 24 413 37 205 12 198
266 20 778 44 348 31 132 28 278 81 112 75 463 38 9 17 56 64 7 13 372 97 361 22 49 70 339 6 382 63 114 76 74 59 51 53 379 16 89 81 394 31 485
267 20 426 43 375 81 184 11 31 38 21 95 242 73 257 79 101 83 494 69 195 53 174 4 376 41 486 54 33 88 405 41 175 21 313 14 44 71 184 20 367 42 453
268 20 52 93 457 5 354 70 300 57 66 12 167 11 249 9 465 15 74 85 68 94 78 26 270 61 322 69 55 83 144 24 438 14 335 67 432 14 303 47 216 70 43
269 20 1025 88 392 53 414 54 480 25 182 50 479 13 246 81 76 68 95 53 43 14 213 39 311 47 102 52 424 37 55 99 206 77 60 53 69 12 452 22 135 78 46
270 20 741 13 206 68 147 21 394 2 420 53 491 4 355 59 464 95 253 31 198 89 457 57 218 53 83 82 207 67 494 39 120 70 438 38 480 73 62 75 2 61 377
271 20 762 47 377 23 164 41 151 62 241 97 313 11 235 90 27 31 2 56 157 70 486 46 309 46 358 46 363 99 290 65 95 60 490 60 303 94 313 76 29 87 45
272 20 586 96 127 16 438 72 306 87 180 54 31 49 107 60 438 44 3 83 222 60 334 93 377 16 104 65 427 64 497 37 450 87 61 74 44 46 219 60 69 67 55
273 20 923 2 113 21 26 88 374 21 467 60 49 16 30 11 347 22 403 57 194 4 134 87 122 82 19 67 418 83 344 46 298 28 253 32 416 24 458 84 499 64 432
274 20 500 34 270 21 115 19 150 92 162 18 280 81 287 2 165 3 421 57 454 84 143 72 223 8 37 43 389 35 220 31 29 70 156 6 48 84 439 60 458 81 498
275 20 784 20 236 65 337 86 346 85 353 25 457 43 350 37 379 55 51 2 463 86 444 16 432 57 57 72 336 32 169 49 57 81 159 2 281 36 225 44 207 25 162
276 20 768 8 78 46 37 16 100 69 173 71 452 58 125 49 309 99 76 73 129 23 354 35 69 82 224 32 262 16 73 76 227 31 151 5 278 4 280 75 31 45 153
277 20 1031 77 486 5 333 2 9 89 412 92 185 52 186 44 209 22 191 38 307 61 115 12 52 8 200 85 40 26 326 48 148 43 470 32 102 69 32 47 360 55 35
278 20 766 4 461 19 388 11 66 89 269 99 441 66 220 37 85 98 481 61 43 76 235 83 300 31 375 3 105 38 104 83 362 71 373 85 345 66 129 1 191 15 353
279 20 678 78 322 58 342 59 16 25 209 30 30 15 132 49 326 7 215 63 110 58 236 76 442 17 380 5 136 89 487 13 305 72 49 11 371 54 290 94 399 95 449
280 20 371 35 121 90 23 82 104 72 479 81 421 55 125 27 268 38 112 86 70 77 298 6 331 5 449 72 3 47 35 49 373 42 360 65 119 81 345 71 20 16 20
281 20 193 41 252 50 346 96 226 36 497 55 29 49 96 14 132 86 103 84 365 69 211 60 464 72 462 94 215 95 468 57 134 1 19 34 169 68 135 2 193 83 19
282 20 165 40 74 16 382 28 104 41 473 14 273 94 164 2 179 80 280 63 140 39 62 26 196 99 38 73 229 58 301 91 266 36 439 93 449 52 336 15 416 68 101
283 20 460 30 377 39 260 19 161 41 293 62 213 25 251 98 189 40 225 67 239 66 306 38 451 77 73 86 483 61 345 12 197 65 434 60 2 19 263 74 203 4 391
284 20 909 18 268 55 189 48 244 84 67 36 469 30 17 78 435 46 174 64 174 96 221 89 235 5 237 9 81 73 426 27 163 34 200 31 379 89 22 31 361 32 319
285 20 590 45 163 5 9 19 271 85 486 40 270 64 477 11 395 28 279 83 102 25 358 63 278 79 323 33 24 48 331 7 6 65 301 38 468 96 84 73 88 58 445
286 20 405 21 318 1 99 88 356 31 136 75 66 35 156 72 199 98 479 13 44 88 389 25 434 40 389 87 313 16 180 30 346 53 29 2 143 62 316 17 408 93 295
287 20 530 83 225 96 40 64 88 79 323 28 198 14 29 78 39 52 160 57 481 77 297 51 178 80 306 34 485 83 227 83 479 79 255 95 17 9 494 44 218 98 402
288 20 845 26 424 32 490 39 118 98 463 81 466 68 147 80 346 69 10 67 252 90 465 56 176 24 198 40 392 78 378 77 489 3 354 7 104 26 126 44 208 46 332
289 20 497 33 165 75 488 69 423 2 301 83 285 95 123 89 11 44 106 24 109 47 225 53 225 96 303 77 473 8 68 78 310 43 361 61 443 75 49 66 41 85 413
290 20 520 46 9 31 225 6 391 63 148 80 440 10 49 5 480 48 217 72 271 70 352 14 335 41 395 80 45 7 482 68 185 52 276 5 166 90 42 13 433 91 416
291 20 693 20 67 33 63 54 233 58 432 96 300 73 10 68 104 89 486 77 237 35 482 59 439 11 81 3 112 66 165 20 87 86 240 52 203 4 319 12 484 42 210
292 20 984 34 147 84 101 74 427 9 14 82 457 31 188 51 13 85 265 31 479 54 485 94 169 80 378 28 261 41 469 69 155 30 136 45 413 52 193 67 97 65 197
293 20 209 74 318 98 38 71 289 27 445 34 273 81 204 14 422 93 14 30 218 27 5 33 289 7 453 71 468 9 205 46 272 61 4 4 381 64 182 19 292 5 285
294 20 345 44 433 1 333 47 165 30 63 79 257 29 214 34 36 66 286 51 101 56 429 1 213 54 301 63 372 49 350 57 416 84 52 4 198 80 375 5 326 74 10
295 20 480 78 126 30 493 48 471 42 451 75 99 88 243 84 160 51 283 69 330 16 14 4 491 88 90 78 382 79 109 59 258 99 96 34 29 52 442 48 250 66 216
296 20 551 48 380 17 80 57 159 29 221 1 272 46 186 22 359 57 184 90 151 84 373 56 320 21 73 39 283 50 348 90 142 44 355 92 207 3 448 3 467 1 436
297 20 553 13 105 24 103 93 331 87 48 42 207 60 181 3 10 17 241 29 443 20 294 84 56 73 36 7 442 62 202 59 171 99 395 96 419 21 36 13 251 52 237
298 20 583 10 15 77 200 51 382 93 364 13 32 98 330 9 469 17 87 29 26 2 133 74 288 77 373 24 248 86 22 18 242 3 97 3 333 58 386 45 361 11 156
299 20 886 11 315 99 274 77 147 23 444 40 429 74 312 40 162 40 154 14 31 76 155 1 275 1 22 35 266 73 419 26 436 38 53 69 111 87 171 28 25 1 310
300 20 322 53 318 42 327 80 83 20 283 85 64 62 114 39 126 23 371 94 4 98 292 40 56 81 103 71 196 78 297 87 454 24 46 24 185 98 296 76 207 96 230
301 20 585 71 320 14 268 92 394 39 203 27 463 43 52 93 370 54 245 14 209 15 7 90 96 74 18 35 362 44 32 81 12 89 339 74 351 61 177 46 312 35 1
302 20 387 65 452 13 288 94 400 2 9 34 53 85 472 88 328 12 4 20 271 69 141 45 85 63 29 24 5 35 446 7 145 45 355 94 239 7 213 6 403 84 109
303 20 630 68 164 10 244 56 183 76 196 47 175 98 76 15 458 81 12 12 203 35 11 99 260 37 5 42 387 32 409 17 418 21 488 56 159 8 327 81 403 51 357
304 20 812 65 295 34 284 33 389 33 182 54 345 12 55 38 30 58 343 12 167 1 78 34 425 38 85 82 187 44 35 60 321 37 223 65 120 93 408 85 201 56 275
305 20 412 20 29 65 372 84 306 78 375 26 114 58 277 71 94 7 9 20 486 38 474 52 432 50 472 91 241 17 481 28 212 78 294 96 193 28 32 44 113 64 16
306 20 724 51 455 67 223 6 385 37 486 88 470 7 158 56 81 63 416 36 358 44 362 26 346 59 254 23 148 44 459 52 7 47 388 60 463 41 453 68 488 65 478
307 20 767 94 36 47 91 59 342 78 126 30 158 80 2 35 7 40 217 16 90 25 92 32 128 37 486 68 38 33 14 43 37 73 79 82 415 60 181 63 262 18 302
308 20 952 36 177 67 385 68 191 52 110 37 498 24 197 97 109 70 454 86 62 47 206 16 216 61 304 46 116 12 95 15 357 27 310 41 5 94 457 82 305 35 194
309 20 835 78 453 90 386 97 158 33 181 92 64 24 330 89 142 41 84 56 218 66 332 16 385 55 403 2 25 5 403 35 253 74 156 74 401 66 193 5 350 23 29
310 20 82 40 94 54 325 21 476 69 50 71 233 11 421 2 169 17 26 61 49 70 314 43 64 25 461 80 90 41 88 76 231 26 371 61 219 61 163 42 311 44 129
311 20 533 45 40 37 95 30 324 69 163 90 260 44 389 96 257 90 447 42 307 29 203 51 313 13 118 39 254 97 192 40 198 44 201 64 324 61 402 71 321 25 131
312 20 1003 17 176 28 230 6 221 50 81 53 339 37 91 96 214 59 73 36 484 59 247 82 183 50 49 41 57 89 406 32 302 22 67 51 324 33 100 66 202 30 338
313 20 193 56 100 23 63 35 4 30 497 60 36 20 338 11 82 40 124 17 169 7 24 46 342 37 386 93 11 15 432 97 30 79 376 99 28 28 37 35 218 1 207
314 20 849 63 374 42 16 89 333 72 13 33 292 28 70 4 483 69 49 42 289 12 1 76 168 12 343 88 99 21 300 83 236 25 214 23 446 50 431 91 131 28 357
315 20 700 37 476 66 222 96 104 50 55 99 83 15 31 20 307 53 252 38 79 71 366 89 311 47 238 16 301 22 297 52 209 1 221 84 289 91 226 6 169 78 288
316 20 267 12 57 29 476 45 110 31 177 91 40 64 182 99 64 5 260 26 355 18 308 69 316 63 10 22 307 52 427 23 434 89 480 25 98 6 394 71 231 25 97
317 20 895 79 153 93 102 74 81 56 51 7 412 12 101 27 424 16 251 33 408 71 357 74 422 35 403 47 308 29 424 98 2 24 444 61 201 9 404 94 82 84 120
318 20 767 65 406 17 173 99 339 85 93 58 444 70 179 79 57 95 97 70 10 88 320 19 130 68 60 65 491 80 116 23 255 69 498 13 169 3 441 71 367 35 155
319 20 484 64 249 29 16 31 204 91 493 3 79 30 105 49 481 41 349 37 273 61 396 21 262 36 205 47 473 71 23 8 54 6 197 58 93 88 463 73 84 85 134
320 20 144 44 470 68 413 57 410 86 288 74 489 50 248 91 175 12 351 34 199 10 433 35 111 32 119 75 103 51 107 44 460 12 469 43 94 35 437 92 327 30 412
321 20 305 36 134 77 349 53 125 21 245 49 425 78 310 55 328 99 333 56 389 69 264 73 402 30 425 25 6 60 292 80 386 4 126 22 385 19 23 15 286 42 494
322 20 208 62 430 52 405 68 479 93 56 98 105 19 319 30 470 10 313 73 226 71 16 71 25 59 479 86 8 34 36 11 141 29 249 6 410 36 171 92 422 1 477
323 20 1037 44 241 46 181 30 140 50 174 53 321 76 184 23 275 53 291 12 432 49 357 67 408 80 15 61 64 15 327 82 46 46 149 20 330 89 243 74 247 75 197
324 20 1025 38 243 84 233 35 94 32 450 55 400 66 82 81 397 77 167 49 186 45 308 96 90 55 419 84 18 54 42 56 112 85 345 69 197 12 413 59 149 67 265
325 20 873 81 327 6 276 63 58 32 77 29 395 11 234 84 257 99 360 50 174 2 207 68 387 30 103 1 72 5 479 77 177 36 493 60 481 21 243 79 206 70 268
326 20 697 10 59 70 326 29 346 88 447 52 164 25 81 44 293 88 413 1 466 3 384 41 150 35 130 62 69 15 385 23 118 41 236 41 226 74 289 69 1 20 482
327 20 291 36 243 75 481 63 218 53 13 85 184 6 318 92 152 45 375 25 40 9 14 16 251 85 264 44 417 2 119 72 198 92 91 61 430 48 108 38 176 58 477
328 20 985 69 339 71 282 53 170 47 320 62 403 97 203 7 219 5 419 82 121 19 368 65 212 72 342 26 122 55 266 72 285 48 62 20 176 53 321 82 30 39 4
329 20 1005 17 314 68 408 90 101 88 209 81 311 49 23 73 341 56 493 99 266 77 53 51 250 24 141 46 286 68 95 62 197 48 149 37 218 5 281 50 272 59 178
330 20 627 82 363 69 143 74 457 93 344 2 79 43 212 85 199 63 205 96 298 24 78 73 395 80 417 44 19 5 34 40 2 81 11 44 258 58 252 86 116 46 319
331 20 852 39 437 70 171 56 104 74 154 14 408 32 410 33 295 8 112 84 201 9 345 7 335 78 93 84 242 42 246 82 67 10 135 3 117 51 25 68 304 46 229
332 20 1042 80 167 57 146 42 335 88 206 7 109 65 465 39 219 46 403 70 200 43 192 75 424 12 147 34 47 13 195 99 272 21 184 61 316 27 256 1 176 58 114
333 20 340 1 126 16 314 36 115 96 397 62 318 2 248 54 374 91 467 83 105 77 21 87 488 93 372 83 98 15 115 19 332 86 319 92 219 66 209 24 428 44 405
334 20 274 61 139 82 122 7 331 13 252 96 30 99 110 49 407 11 395 85 318 53 210 78 315 45 123 80 380 96 74 56 337 40 172 45 362 80 474 62 235 82 454
335 20 849 68 205 87 83 72 175 38 303 98 336 1 345 32 147 98 100 33 161 72 233 60 499 10 469 24 260 99 441 29 230 41 39 34 56 90 89 61 58 86 453
336 20 258 90 278 51 346 11 301 8 45 80 371 25 483 38 183 73 499 38 280 4 275 53 481 16 405 26 19 55 176 18 75 74 119 2 169 90 331 42 73 32 129
337 20 182 13 173 61 284 55 375 46 497 41 218 6 323 70 181 70 263 31 333 38 356 2 373 8 109 52 348 7 7 90 138 93 408 48 377 25 367 6 64 80 14
338 20 582 4 474 36 86 33 186 84 235 79 106 64 472 76 290 73 260 19 379 37 446 88 249 1 378 86 232 23 105 41 142 81 437 61 243 81 248 12 244 52 88
339 20 1026 15 408 14 89 30 58 84 358 66 309 88 87 77 486 49 145 47 494 87 216 70 12 31 466 82 385 51 79 88 2 19 499 16 364 4 477 28 324 18 237
340 20 156 36 457 54 13 33 359 29 72 67 413 8 95 57 252 65 442 82 138 99 373 34 128 27 461 35 191 98 332 84 376 93 203 58 56 82 131 27 21 98 450
341 20 475 14 144 92 338 43 245 6 83 8 48 11 246 80 312 73 394 24 408 10 499 34 342 1 288 32 269 77 13 37 471 12 193 89 418 71 458 87 52 45 374
342 20 528 34 484 96 12 50 24 15 251 55 353 86 191 37 90 14 158 24 249 80 119 94 440 18 129 61 403 56 15 42 362 57 488 62 288 12 305 95 23 22 493
343 20 478 24 91 24 72 45 225 33 388 95 145 46 206 43 399 89 298 4 224 87 258 71 431 32 65 15 163 36 54 70 214 29 236 66 70 33 453 34 182 12 130
344 20 1025 31 429 11 468 17 351 25 65 84 196 14 115 37 444 41 37 68 110 90 210 58 102 49 391 61 338 35 144 32 481 68 13 43 409 35 435 33 268 37 283
345 20 802 13 350 19 357 11 467 2 84 11 194 21 486 73 445 99 392 36 336 56 257 24 376 49 490 34 191 26 278 30 11 78 387 43 112 72 157 95 123 56 314
346 20 384 11 466 51 217 69 472 49 259 97 164 70 292 80 278 39 118 30 302 2 203 22 187 23 308 14 95 38 97 49 85 57 329 90 216 13 496 71 135 42 173
347 20 563 69 82 11 446 40 197 75 76 90 373 54 57 2 370 27 308 55 207 50 439 96 457 21 283 69 163 39 489 64 323 52 327 13 187 27 461 57 452 14 46
348 20 968 6 10 36 84 81 267 53 260 88 374 53 252 84 105 86 261 91 455 15 379 55 385 66 241 73 47 26 457 30 280 78 172 98 85 26 273 34 485 3 114
349 20 246 20 229 42 123 67 190 46 450 97 255 56 291 2 291 2 492 1 251 40 48 50 124 39 340 17 28 61 410 19 137 73 116 91 342 28 323 27 2 50 170
350 20 918 95 364 28 18 43 323 58 264 88 322 84 165 24 326 9 165 77 286 8 216 69 111 15 211 26 444 10 213 93 247 48 493 63 55 93 340 27 437 77 317
351 20 922 55 441 19 19 78 58 39 22 41 156 77 51 39 366 1 175 9 375 22 167 9 85 36 22 76 400 22 85 24 18 47 348 69 13 29 274 68 104 29 223
352 20 586 17 247 68 21 72 451 79 466 45 215 38 127 99 444 13 135 97 483 22 418 53 495 23 72 60 335 50 206 79 90 92 18 65 394 39 58 67 233 33 435
353 20 126 67 287 62 419 68 297 52 270 43 279 17 391 11 46 74 289 73 468 71 410 60 184 72 374 45 160 77 130 17 52 60 360 45 17 97 499 21 68 2 162
354 20 686 4 294 91 37 10 289 34 178 91 195 29 66 15 252 48 100 87 421 34 347 76 101 97 469 19 495 8 339 93 240 86 132 25 235 78 239 1 442 15 461
355 20 237 45 248 23 253 92 186 38 194 73 48 97 103 28 472 61 455 30 7 41 476 55 12 59 397 73 294 76 456 43 65 64 278 86 460 72 249 58 242 72 372
356 20 66 80 411 2 382 23 8 52 326 4 313 1 251 29 392 23 440 96 284 64 49 20 237 60 90 83 493 66 187 26 226 56 233 58 159 72 348 94 149 75 485
357 20 219 74 394 58 135 47 148 25 499 32 101 76 387 58 199 84 8 95 386 62 360 23 155 66 61 39 429 7 455 18 268 15 224 38 4 97 435 79 458 9 277
358 20 624 44 341 18 40 33 95 18 6 55 221 88 454 28 378 6 403 25 375 58 245 65 17 30 273 57 405 24 387 31 498 71 6 68 164 85 117 78 54 86 176
359 20 340 27 469 80 392 56 40 74 77 25 371 31 14 20 269 1 191 49 108 55 46 14 289 44 144 79 424 77 299 87 100 69 213 42 204 32 485 9 37 44 72
360 20 484 1 14 24 214 85 350 66 245 99 337 72 409 93 415 89 170 2 278 95 45 79 58 10 372 27 385 8 192 37 171 93 135 21 46 36 497 49 342 81 206
361 20 102 71 187 1 350 61 287 65 249 36 66 91 300 76 401 78 184 30 43 66 256 45 181 15 372 37 218 17 74 98 13 59 439 39 246 97 483 99 356 42 52
362 20 88 34 218 85 462 56 420 86 67 40 169 95 155 25 177 42 480 16 37 12 76 85 353 26 407 42 33 63 445 73 429 27 416 7 194 31 275 78 205 27 331
363 20 733 34 283 90 148 67 264 97 311 15 36 78 361 4 202 66 419 47 424 97 131 77 472 3 351 12 413 28 61 44 72 87 186 39 461 59 417 30 10 32 354
364 20 805 88 389 31 53 70 337 59 433 89 440 67 308 9 382 34 467 93 89 18 253 89 240 29 326 87 207 92 491 51 363 81 72 28 471 91 55 18 407 13 9
365 20 994 15 1 58 351 6 95 51 107 81 355 63 226 13 183 50 48 48 204 33 111 76 104 67 435 20 142 13 165 35 6 1 129 46 98 91 292 26 89 77 293
366 20 314 8 332 5 358 52 485 31 426 65 339 6 248 38 119 12 80 40 307 14 127 35 315 16 106 30 230 7 362 16 135 44 254 6 51 7 227 3 174 84 280
367 20 731 20 243 95 428 96 282 65 376 62 45 31 183 18 439 13 161 33 490 44 62 47 446 78 436 84 34 89 268 40 393 99 318 40 11 32 332 46 8 8 51
368 20 907 11 213 58 291 91 124 9 257 52 103 33 425 13 107 24 431 45 121 42 33 52 87 98 204 9 85 71 145 31 461 38 108 5 334 88 37 46 20 4 71
369 20 247 41 256 68 66 8 233 60 272 89 46 37 83 78 256 4 402 71 104 75 178 44 294 76 335 5 334 92 13 58 9 97 219 89 497 99 462 75 401 24 142
370 20 530 80 194 96 256 72 449 16 249 82 2 45 161 20 412 25 440 76 327 49 411 84 478 5 253 55 147 26 296 63 449 8 376 58 135 8 299 70 89 12 7
371 20 554 94 139 68 151 63 121 51 113 22 60 79 337 36 163 77 497 25 60 74 338 83 15 60 135 60 371 50 215 90 184 37 411 42 273 65 336 78 464 21 13
372 20 804 65 443 52 395 54 458 39 157 85 14 93 429 31 323 53 213 32 176 78 312 24 159 49 487 89 185 62 295 29 456 80 446 45 378 21 406 38 369 39 70
373 20 136 77 46 6 339 52 211 97 495 91 121 68 49 36 341 1 321 35 401 69 241 55 106 95 413 81 373 30 489 94 85 48 42 68 378 50 90 54 390 33 478
374 20 234 4 183 49 484 87 424 87 244 59 72 5 43 12 391 46 334 20 342 6 351 57 171 40 462 54 212 38 153 29 239 39 310 15 234 8 426 8 89 47 408
375 20 121 44 149 2 92 96 326 15 291 76 240 51 169 28 431 87 462 55 175 92 130 93 252 19 241 2 471 60 315 50 130 10 47 14 389 95 80 1 284 49 419
376 20 884 46 262 78 240 15 90 24 28 97 103 51 107 88 386 30 444 41 161 40 212 96 394 37 472 98 44 29 263 10 133 81 454 93 258 82 401 3 399 78 247
377 20 534 62 367 42 71 64 440 62 418 54 49 44 369 76 252 7 408 67 137 78 267 83 6 54 494 90 293 31 99 29 471 23 356 61 433 25 31 21 465 35 446
378 20 931 71 468 76 301 22 273 5 89 73 499 48 395 51 80 9 49 46 488 9 362 21 71 10 392 92 264 56 220 62 144 43 350 45 422 8 270 19 479 32 428
379 20 120 33 267 55 176 39 42 83 29 81 392 15 359 16 239 53 210 84 212 35 54 87 216 89 207 4 307 76 321 3 204 81 476 71 294 5 445 94 432 24 155
380 20 762 66 329 52 92 3 18 12 294 42 344 85 485 11 465 56 101 2 221 69 415 35 333 55 348 94 299 40 92 19 111 95 58 54 465 34 202 53 267 86 393
381 20 269 93 51 20 280 80 68 58 310 75 497 97 265 91 187 55 321 57 408 34 361 99 9 5 354 2 416 33 143 97 179 41 479 51 290 96 159 3 299 77 410
382 20 1017 13 428 88 33 79 151 54 159 30 34 17 202 20 54 11 485 37 179 47 394 16 326 94 314 85 489 35 230 87 388 30 193 67 169 78 251 5 11 58 45
383 20 707 7 453 67 141 61 422 74 443 72 168 79 436 21 244 50 170 59 326 83 360 80 17 30 158 35 476 35 226 68 267 66 358 50 367 79 171 7 77 80 274
384 20 276 14 252 94 191 71 57 16 242 93 78 92 111 16 14 2 322 63 354 69 72 17 437 89 283 88 362 68 28 60 278 77 361 27 5 58 411 88 162 2 274
385 20 158 43 181 40 119 61 145 52 472 54 291 90 147 13 281 33 116 17 227 70 349 60 141 67 50 5 456 98 208 93 209 14 97 95 45 45 94 29 491 97 289
386 20 778 29 180 24 405 42 139 47 130 69 155 84 200 11 445 83 423 47 376 50 429 97 196 8 149 19 475 40 18 73 169 86 22 78 100 24 289 57 109 80 320
387 20 1030 88 155 5 319 33 158 81 485 39 157 37 302 28 280 73 490 5 290 48 249 99 342 80 464 83 498 2 38 82 452 23 131 37 190 86 283 27 31 41 47
388 20 380 18 76 20 108 59 131 28 34 8 495 11 311 25 270 60 138 51 156 54 82 81 408 82 138 75 34 57 86 52 190 60 122 2 310 30 355 83 229 12 301
389 20 574 82 62 75 92 47 428 93 461 85 180 4 354 10 51 78 103 95 99 12 81 94 39 62 250 73 115 75 378 64 178 38 437 66 57 89 180 91 69 30 83
390 20 510 6 417 24 281 65 89 33 258 88 200 63 39 23 376 77 112 37 278 98 485 12 16 22 130 54 55 63 312 97 86 57 175 54 112 83 2 96 210 27 365
391 20 475 99 304 40 305 21 247 90 186 97 457 60 259 51 475 36 143 76 4 19 434 54 263 95 389 26 91 25 240 1 188 49 409 97 293 43 473 78 171 4 109
392 20 769 88 57 30 4 8 109 8 260 66 39 4 426 31 109 95 461 87 111 99 389 17 310 58 327 38 293 19 185 52 85 25 417 28 472 64 484 89 236 59 271
393 20 622 40 351 18 302 32 21 4 238 16 29 24 458 23 270 48 138 53 141 42 458 42 261 65 355 14 455 59 180 77 400 85 400 7 112 19 211 84 32 56 37
394 20 572 65 325 13 121 46 364 35 430 58 123 90 125 83 171 52 84 20 177 22 133 62 152 19 160 28 383 12 183 35 277 27 152 55 99 98 340 75 351 3 260
395 20 657 96 292 28 84 72 138 19 266 39 404 20 416 48 398 20 155 64 155 59 180 13 251 25 476 23 305 35 151 90 272 47 361 4 445 74 129 49 262 31 24
396 20 522 2 172 36 463 43 415 63 320 52 164 7 156 9 295 66 285 56 233 99 291 3 250 42 435 68 74 7 181 93 412 19 287 82 422 69 74 89 234 46 148
397 20 699 28 79 83 332 45 482 51 405 80 495 54 360 37 253 96 169 65 257 62 448 24 246 57 379 42 117 46 29 70 397 61 136 41 189 56 154 44 91 9 265
398 20 843 97 277 64 253 58 417 63 440 48 400 22 248 84 466 41 175 82 46 78 233 22 412 94 11 35 456 77 341 44 398 48 430 81 9 54 232 14 323 35 81
399 20 998 49 168 96 57 33 228 46 7 88 198 24 423 44 420 24 198 71 472 37 429 74 254 35 361 65 244 12 299 82 170 45 280 70 191 40 315 61 334 2 141
400 20 519 21 287 81 42 65 70 17 148 51 248 14 169 29 140 34 272 70 127 22 379 42 82 24 292 2 99 4 417 30 33 54 53 57 475 73 490 25 12 59 391
401 20 456 81 13 49 253 25 471 6 287 73 143 30 203 38 75 47 479 42 358 24 409 60 156 26 212 26 486 15 493 20 362 69 1 50 439 32 381 31 287 48 430
402 20 455 9 236 28 250 77 80 73 417 27 63 47 116 34 406 71 326 15 97 75 401 24 89 7 434 85 487 23 471 66 121 20 492 38 307 33 213 9 56 66 293
403 20 831 48 247 84 373 74 309 47 477 73 455 39 262 30 27 47 130 72 235 58 255 71 222 68 488 44 389 63 215 7 297 71 494 95 353 15 88 99 236 44 201
404 20 1017 84 123 89 346 35 55 60 389 29 249 48 318 80 285 38 361 19 126 66 482 81 379 34 426 14 88 77 331 52 479 70 241 3 50 49 226 3 257 90 119
405 20 986 37 91 74 357 62 354 92 32 73 378 91 172 89 47 1 128 54 495 77 328 90 383 86 72 25 217 98 322 67 235 75 395 74 444 20 329 91 150 95 145
406 20 606 50 78 78 156 56 484 59 33 72 496 40 370 25 202 82 311 6 200 3 262 86 84 32 341 58 359 1 314 17 430 57 220 29 407 96 113 65 195 24 297
407 20 1013 74 372 75 165 77 307 83 383 11 86 14 385 83 100 41 72 60 453 20 237 70 299 94 279 12 443 47 413 27 288 41 135 49 53 3 276 80 165 3 247
408 20 572 87 264 3 466 6 493 65 403 77 217 51 397 9 267 54 76 71 233 10 199 71 327 32 290 79 251 51 33 36 112 45 153 10 470 11 300 19 409 78 461
409 20 732 76 205 84 445 7 356 68 148 61 338 78 212 69 472 49 327 54 369 29 307 84 280 47 99 56 49 31 382 39 416 87 409 70 33 2 427 21 81 67 25
410 20 851 66 255 61 214 87 496 35 253 59 163 3 410 19 408 55 118 39 412 42 301 16 313 10 435 5 414 32 492 78 417 52 54 68 154 13 120 81 223 76 382
411 20 628 26 341 52 96 33 224 62 447 18 17 37 80 80 88 43 130 86 247 26 344 34 60 64 33 73 207 77 133 72 333 76 253 80 110 73 432 23 306 42 298
412 20 99 73 18 40 418 16 213 7 175 77 451 41 480 19 435 12 295 99 365 49 232 55 427 9 337 28 194 28 242 24 384 69 175 5 162 5 64 14 264 33 212
413 20 875 95 226 46 266 21 373 89 155 71 449 85 57 79 498 43 290 49 436 11 211 50 231 39 69 33 317 75 127 86 90 55 435 33 216 3 48 72 284 86 62
414 20 1041 1 345 15 331 3 254 83 417 34 416 68 424 15 34 83 490 37 330 64 389 35 149 39 469 53 447 48 304 80 1 64 242 19 387 53 293 59 398 22 232
415 20 648 14 417 96 7 33 304 23 71 75 339 84 28 66 230 73 475 20 146 90 90 98 493 42 128 89 398 30 287 72 434 99 153 71 68 9 93 62 203 60 334
416 20 165 60 26 38 56 52 335 19 30 82 59 10 447 56 201 90 214 5 273 24 298 41 343 10 315 13 332 32 176 70 224 84 198 38 308 45 179 90 479 69 141
417 20 667 5 65 18 103 47 149 31 432 96 438 75 93 90 97 86 276 51 239 88 330 86 455 8 4 91 448 61 223 87 36 14 352 57 369 87 484 52 272 9 399
418 20 739 30 421 31 94 60 351 55 69 76 348 41 430 54 11 98 340 30 31 20 136 85 116 7 348 61 337 51 488 91 121 53 229 19 217 90 323 70 43 4 52
419 20 712 37 100 97 364 86 326 61 400 31 398 64 97 15 267 67 98 11 351 76 358 23 474 98 476 33 435 9 337 30 164 29 235 56 15 39 60 89 325 10 223
420 20 398 20 290 10 310 29 469 54 224 57 377 56 49 63 18 58 399 97 317 39 454 54 114 47 73 17 279 91 88 69 244 48 261 6 127 63 131 91 68 27 240
421 20 178 9 152 23 440 13 129 19 274 3 364 65 477 37 309 11 28 50 499 4 465 9 176 65 497 69 145 20 478 37 392 46 279 40 195 33 378 11 251 41 25
422 20 627 38 261 37 70 68 96 61 355 34 47 49 250 96 294 77 358 38 298 59 463 51 437 5 231 40 24 75 331 69 493 88 358 51 339 95 469 28 283 1 291
423 20 183 51 399 65 328 45 218 55 158 55 225 5 346 68 465 45 253 90 351 91 27 84 229 47 103 70 86 81 391 7 92 23 238 94 292 46 164 55 481 92 473
424 20 871 34 169 80 368 79 152 78 469 74 188 60 460 78 255 97 493 37 157 51 475 7 221 32 208 15 445 37 228 92 445 69 254 27 163 89 381 99 6 89 266
425 20 476 4 289 16 375 99 369 35 398 54 284 86 342 99 309 78 336 28 286 63 449 86 344 41 199 30 241 46 356 82 420 24 147 73 450 84 266 99 271 6 300
426 20 728 18 187 49 46 73 215 66 377 24 182 72 49 12 288 51 63 79 77 16 223 38 118 29 38 49 86 13 302 23 300 34 104 87 189 94 296 17 280 79 54
427 20 847 26 306 23 468 82 55 88 68 76 342 31 271 6 221 87 424 95 247 81 264 57 390 17 173 21 338 38 77 52 143 84 339 18 268 34 54 9 332 40 100
428 20 641 56 163 25 300 93 441 63 308 25 177 99 188 56 21 61 496 59 326 46 291 89 413 94 358 24 176 27 260 38 150 77 327 91 241 26 364 34 200 84 21
429 20 288 19 268 82 359 24 118 44 101 30 103 43 344 18 232 97 253 68 291 92 359 21 414 20 275 15 254 74 204 88 64 92 271 57 302 22 174 89 258 7 323
430 20 317 7 51 8 110 88 270 25 332 38 139 30 353 54 374 38 95 92 10 35 416 82 190 19 337 43 299 78 89 36 244 58 492 58 279 55 132 16 372 81 484
431 20 543 27 191 72 435 82 469 42 393 80 180 38 259 82 407 4 323 56 39 57 296 55 474 35 146 50 79 96 137 86 58 99 322 67 83 45 324 33 356 24 323
432 20 166 80 65 83 440 35 481 98 51 17 227 82 256 58 85 7 324 15 117 84 100 39 437 12 151 41 315 93 62 56 300 35 489 2 162 65 86 15 310 75 222
433 20 258 35 206 57 121 60 128 12 448 17 246 56 68 66 169 83 200 66 19 46 418 1 361 75 283 13 450 6 181 39 15 28 12 73 450 98 89 24 325 57 227
434 20 286 46 312 16 217 86 487 58 171 74 284 78 196 45 67 20 498 73 6 22 357 1 468 2 360 71 437 87 198 87 350 68 287 18 184 80 391 74 185 5 221
435 20 432 87 320 8 295 23 219 67 234 5 112 26 313 25 223 98 91 12 38 84 38 78 200 21 385 74 68 94 479 37 207 86 455 8 386 95 5 23 177 26 402
436 20 74 70 115 78 182 35 97 3 212 41 365 26 49 26 483 57 74 32 66 31 352 60 240 24 79 20 25 1 128 18 210 81 380 38 444 85 372 66 302 23 91
437 20 410 28 488 86 179 32 166 77 39 52 357 27 366 1 270 52 481 18 433 10 353 72 77 17 454 12 454 64 149 36 423 78 351 42 228 41 407 5 306 38 246
438 20 941 58 396 5 485 19 266 10 83 73 241 23 114 16 408 97 304 23 363 83 480 69 431 37 110 50 354 20 360 26 96 7 394 99 333 86 495 85 283 68 382
439 20 347 38 404 71 327 74 78 82 456 23 373 8 162 40 385 78 207 22 177 71 191 48 497 46 85 6 323 94 476 40 266 52 111 67 312 27 229 87 263 13 138
440 20 626 38 245 91 160 8 84 46 297 64 242 46 405 56 275 28 48 35 304 37 206 66 299 39 350 87 82 17 480 92 399 29 374 61 358 86 356 31 75 45 495
441 20 804 47 443 41 458 24 424 26 404 25 494 9 313 73 186 62 451 66 355 63 202 59 28 67 321 48 380 20 191 82 126 92 489 12 307 16 16 74 246 28 291
442 20 774 50 286 58 363 86 74 92 386 86 108 82 165 70 291 16 147 93 225 23 306 33 242 17 323 61 269 31 37 41 78 15 433 73 84 16 43 89 425 11 172
443 20 670 47 12 29 336 5 317 22 55 36 356 31 467 60 79 32 435 19 367 1 58 57 117 78 146 30 403 51 373 23 9 44 99 59 205 57 450 1 252 28 353
444 20 587 17 370 46 320 83 415 68 391 28 327 79 5 7 17 90 114 42 228 3 319 23 151 37 467 26 157 4 157 32 272 66 482 74 60 89 78 69 211 34 272
445 20 120 95 300 84 427 14 460 35 245 90 362 14 182 63 304 28 18 93 167 69 498 52 467 50 337 15 183 72 351 62 356 41 281 2 236 84 278 11 129 94 241
446 20 390 30 362 82 72 44 155 66 141 35 315 98 181 92 155 20 410 55 53 78 111 35 372 83 73 16 475 2 287 85 328 11 412 94 88 82 296 80 169 22 73
447 20 424 21 120 52 261 43 110 81 160 74 212 59 110 43 179 29 341 72 175 12 329 24 353 69 219 47 179 49 130 64 383 54 433 47 9 9 6 8 414 64 224
448 20 445 43 491 29 336 21 362 96 248 32 185 22 141 50 458 76 285 47 81 94 427 50 80 47 237 45 111 99 178 7 91 17 68 69 231 88 128 12 15 54 85
449 20 283 13 46 1 261 18 66 39 49 9 53 43 479 46 328 96 50 60 107 40 340 27 87 36 438 16 209 96 271 48 152 55 128 40 249 54 90 77 69 58 166
450 20 98 34 437 6 314 48 255 39 40 95 398 60 262 67 414 30 456 40 244 52 474 76 5 65 110 53 392 71 302 73 458 68 444 33 56 6 477 28 202 50 370
451 20 66 50 122 85 147 38 113 81 315 25 88 23 241 27 154 47 171 18 490 10 432 94 301 89 52 60 102 91 60 62 141 6 310 26 332 8 243 1 159 27 262
452 20 248 66 238 28 392 73 411 55 136 52 18 81 418 92 5 23 287 33 412 28 221 74 77 10 322 74 1 19 382 71 343 2 318 83 381 37 375 45 60 9 88
453 20 1023 25 92 16 292 15 172 86 483 67 496 79 250 59 496 5 399 31 51 37 97 5 64 17 30 58 478 95 303 83 93 73 463 33 83 15 87 56 413 45 343
454 20 830 71 185 56 473 19 470 37 246 59 375 9 388 53 396 87 92 10 231 37 248 89 326 79 68 87 497 65 161 31 425 62 465 97 458 11 261 7 176 76 489
455 20 360 24 389 98 260 18 398 97 421 97 440 5 258 53 173 92 157 19 256 82 366 53 313 72 162 48 231 8 229 94 337 51 198 49 443 23 339 48 439 33 163
456 20 134 6 429 1 280 72 149 71 315 97 182 43 142 3 277 50 467 5 497 4 465 87 3 26 188 72 321 44 390 42 469 36 333 68 36 94 208 84 75 72 430
457 20 872 67 178 84 79 35 183 38 270 5 277 12 32 61 483 27 407 30 231 79 419 98 229 59 167 64 345 20 110 68 75 20 114 87 423 9 352 12 488 41 489
458 20 404 62 225 4 461 52 242 61 398 38 178 94 153 36 309 55 348 93 184 71 445 33 250 80 450 85 79 35 490 24 425 55 368 35 99 58 290 28 221 28 43
459 20 479 19 400 88 70 55 161 76 119 18 411 63 63 66 324 17 22 98 290 25 433 8 91 72 170 4 173 83 344 99 142 20 492 99 33 47 24 37 476 76 306
460 20 466 93 474 36 156 16 5 59 95 46 344 50 428 29 168 70 167 15 25 98 78 87 402 65 231 11 170 15 398 54 189 41 279 36 294 8 148 32 64 85 205
461 20 343 43 421 93 351 27 33 72 72 70 484 51 352 68 129 13 119 57 441 95 316 76 467 11 97 80 62 3 4 76 89 17 368 46 192 95 213 1 276 36 368
462 20 239 1 406 40 110 39 110 42 270 11 150 67 18 49 25 46 219 38 20 31 447 91 154 27 215 84 170 42 63 23 42 87 196 7 79 97 447 67 267 83 415
463 20 601 68 4 30 57 45 365 87 346 85 355 52 75 94 120 99 259 38 102 33 480 97 396 12 465 75 209 97 74 78 123 56 116 19 156 99 336 76 290 6 143
464 20 233 5 325 59 253 11 332 4 306 50 177 85 153 81 40 34 397 36 122 5 233 73 420 67 434 16 206 20 399 59 243 73 293 36 13 20 466 61 311 11 33
465 20 164 26 455 45 340 38 13 55 313 66 450 88 129 47 347 50 250 93 363 10 142 88 90 84 77 87 397 98 371 52 225 44 329 30 135 78 451 76 394 98 34
466 20 151 87 220 58 266 24 253 31 494 22 80 59 386 67 195 41 419 26 460 2 186 92 184 39 13 37 103 6 341 40 337 65 473 51 113 78 35 99 22 72 443
467 20 653 19 181 54 396 17 98 24 23 88 210 68 216 34 214 95 288 61 54 67 367 99 334 7 207 87 268 24 187 31 263 68 28 10 219 21 302 28 312 28 241
468 20 720 5 169 15 394 79 79 11 158 76 68 62 82 47 310 82 289 70 207 24 394 76 403 89 1 29 412 72 42 47 291 64 243 68 66 40 131 37 172 40 65
469 20 1006 62 386 80 241 45 167 29 429 99 38 67 202 50 214 27 281 34 65 87 58 56 280 29 324 59 183 56 95 5 178 44 405 77 444 23 369 22 195 60 388
470 20 191 1 38 14 482 65 251 28 324 19 258 47 262 54 482 80 162 95 379 27 350 29 53 17 76 97 216 27 196 1 314 88 476 9 372 44 256 21 51 3 16
471 20 955 99 38 37 142 73 452 25 75 88 111 32 326 27 336 99 386 91 442 67 297 75 173 38 175 93 175 26 493 30 43 40 362 6 70 64 486 25 415 88 391
472 20 429 40 225 87 421 45 11 51 154 63 96 6 138 7 396 50 150 67 395 93 190 76 8 46 161 68 208 74 220 65 443 83 389 76 280 9 384 98 135 72 423
473 20 525 91 357 1 487 69 295 85 137 61 140 18 367 80 414 29 405 89 444 30 10 13 183 5 168 4 237 95 316 50 490 7 355 48 349 81 365 36 179 42 136
474 20 836 15 282 29 456 25 108 90 169 25 208 44 281 76 426 89 5 33 167 81 127 87 360 88 488 11 478 28 103 77 141 18 193 11 478 10 167 62 487 36 317
475 20 855 90 56 83 132 88 43 93 437 76 92 85 380 67 192 75 354 37 194 3 214 25 496 86 455 22 5 79 103 53 15 13 316 26 213 50 306 31 437 57 221
476 20 528 92 149 99 60 31 69 63 19 39 399 46 332 32 92 57 412 94 448 67 170 6 199 85 88 49 243 68 94 94 158 80 362 94 174 32 303 24 225 14 195
477 20 580 32 97 44 93 10 207 88 239 11 265 23 312 68 373 69 359 78 206 53 272 78 256 41 418 23 75 49 290 21 490 17 54 95 242 24 287 13 30 16 468
478 20 280 55 402 27 296 69 461 33 397 51 412 24 201 67 391 20 271 47 168 65 20 61 214 75 487 46 407 5 77 50 202 35 109 59 322 82 305 91 310 25 221
479 20 893 20 495 99 244 37 483 19 238 40 310 95 168 14 341 50 294 40 238 37 410 17 1 78 329 66 147 57 314 68 380 10 176 41 67 92 67 12 214 58 375
480 20 156 9 119 29 176 92 176 43 490 20 200 93 118 32 34 43 13 81 335 23 376 75 480 48 288 58 275 68 316 70 333 61 15 53 415 9 114 3 228 57 494
481 20 168 51 258 88 385 34 264 81 38 45 326 63 125 50 421 69 368 52 121 36 101 43 432 36 375 8 173 35 18 96 288 80 243 75 303 68 59 61 481 22 413
482 20 423 4 241 49 409 69 185 38 462 35 180 15 331 55 459 78 90 18 469 66 83 90 11 18 26 40 40 43 471 30 52 71 241 41 339 6 15 8 384 44 203
483 20 669 82 158 20 204 18 90 65 300 96 440 31 268 52 143 37 464 93 77 95 40 32 366 52 170 98 60 12 354 97 308 2 101 23 274 42 268 62 46 65 220
484 20 522 43 399 10 265 94 225 96 261 1 109 16 219 24 478 92 119 60 216 15 437 35 67 63 401 23 265 73 330 7 486 43 52 55 476 98 462 31 143 78 51
485 20 317 78 253 12 243 43 6 74 41 39 29 11 316 17 493 83 400 83 492 58 211 50 226 55 141 45 350 3 53 64 320 52 268 85 160 66 342 65 318 43 344
486 20 96 18 341 45 108 26 323 6 343 19 143 63 462 30 33 95 391 18 209 84 456 67 151 60 428 54 326 95 232 98 339 87 39 16 417 73 328 3 212 35 293
487 20 544 9 227 96 260 20 301 18 179 69 22 17 336 80 96 13 425 38 142 25 20 6 43 20 55 40 498 84 419 50 187 71 64 23 145 79 477 62 86 21 114
488 20 911 23 134 48 468 68 67 62 78 68 293 87 356 79 58 94 261 7 263 46 112 8 499 21 280 82 281 54 164 94 1 22 176 60 389 99 70 60 332 93 7
489 20 850 58 222 12 326 79 250 37 211 42 310 32 8 35 207 99 467 59 89 40 292 66 321 79 337 14 64 23 352 62 306 64 388 24 220 98 407 59 209 58 407
490 20 256 10 451 91 223 81 51 62 198 33 196 20 127 70 17 41 248 2 200 71 199 50 220 58 187 50 220 60 396 5 86 60 425 64 222 43 98 17 245 74 268
491 20 827 67 219 6 263 97 421 77 350 47 406 34 204 66 178 74 438 27 273 22 349 3 204 9 58 71 34 90 234 56 46 91 55 60 407 93 483 13 104 79 391
492 20 534 66 182 92 461 64 236 83 467 66 160 47 402 65 391 78 113 39 448 85 315 92 270 67 448 93 11 9 437 72 353 22 486 98 246 47 487 19 299 42 367
493 20 898 26 169 99 215 65 286 78 95 14 390 41 381 22 143 1 323 10 453 92 447 29 123 80 383 48 321 78 394 42 83 55 163 28 386 38 120 31 21 58 372
494 20 306 22 101 27 319 43 422 50 385 27 371 33 77 99 20 22 220 70 61 74 142 60 64 74 70 75 485 59 267 65 253 59 426 82 294 32 414 58 41 11 91
495 20 113 39 286 94 441 14 175 85 450 96 243 70 448 47 344 27 171 18 64 16 495 9 44 68 440 21 457 89 430 83 499 79 277 63 363 77 356 13 255 50 419
496 20 879 68 64 40 167 15 57 66 423 10 111 8 78 91 401 87 305 50 222 93 71 81 427 77 469 79 123 93 339 96 133 47 9 22 26 28 201 19 374 9 463
497 20 53 95 243 64 155 56 215 62 423 92 380 94 70 42 359 24 471 87 200 72 84 21 463 65 106 90 193 23 429 67 361 31 15 12 459 37 237 81 152 69 499
498 20 986 63 349 61 306 97 296 13 82 99 120 16 472 98 99 64 98 79 455 38 421 61 300 35 91 45 178 72 64 29 452 82 147 28 194 72 470 4 282 70 161
499 20 815 47 52 14 101 9 178 54 11 97 3 68 475 16 280 21 321 36 267 93 38 74 493 32 197 16 421 1 124 83 135 28 471 28 102 78 139 40 315 33 202
