0 22 91 54 347 68 208 83 2 55 17 12 217 30 328 97 481 96 2 63 337 91 456 52 410 55 293 8 456 6 258 96 458 46 301 55 373 14 219 65 70 94 261 52 385 40 209
1 22 314 94 227 39 382 6 200 92 323 40 385 12 261 8 280 41 42 15 346 91 167 32 460 59 194 24 353 51 243 17 381 58 164 40 56 28 149 28 494 46 364 17 391 72 361
2 22 494 67 176 38 49 56 151 4 475 9 343 30 149 58 250 31 6 30 237 13 32 36 478 65 283 88 331 31 108 79 35 25 180 25 400 18 203 32 40 74 405 62 475 44 494
3 22 180 22 252 89 360 14 312 34 404 96 427 35 278 66 126 87 496 84 57 79 227 10 157 52 159 86 372 4 79 66 496 74 50 39 399 95 398 69 43 43 70 25 246 67 34
4 22 631 82 54 20 471 21 414 27 164 72 236 44 198 11 343 46 339 84 359 11 338 93 473 28 142 3 53 75 344 10 237 20 356 39 20 33 202 92 100 88 85 4 373 99 463
5 22 1050 94 132 88 336 48 312 87 340 92 212 79 170 26 317 99 228 74 217 39 204 16 434 50 35 66 140 18 96 34 192 29 396 66 490 71 183 85 419 3 63 27 189 23 211
6 22 307 64 448 36 86 21 106 36 46 41 397 37 428 88 286 89 13 92 231 89 143 44 175 97 352 45 178 76 273 63 17 46 373 82 468 62 441 17 456 9 206 43 262 91 172
7 22 373 44 49 56 55 77 472 67 475 95 242 31 457 72 138 36 315 81 286 97 225 33 213 45 288 57 404 1 94 22 330 51 487 57 312 8 98 85 39 86 153 31 263 2 166
8 22 85 57 196 72 69 78 345 7 288 27 207 9 255 58 213 97 483 6 173 60 325 6 494 66 223 62 31 59 333 85 393 36 421 63 357 54 3 83 34 60 309 96 267 95 227
9 22 835 34 497 9 143 51 108 36 131 59 428 35 33 93 210 17 487 82 149 55 58 78 143 96 349 96 416 81 377 40 37 15 229 38 395 11 312 87 177 59 76 42 222 23 168
10 22 569 47 130 14 204 68 406 93 188 22 399 42 21 52 162 86 306 70 123 46 29 6 235 21 96 33 68 88 179 61 398 59 125 23 137 21 131 86 141 51 474 9 416 14 124
11 22 446 75 288 98 91 77 277 65 133 81 367 5 333 76 99 67 64 91 454 93 307 90 393 51 357 13 249 50 114 50 34 93 203 22 452 27 286 53 329 43 119 27 417 2 396
12 22 210 55 20 61 444 7 174 94 361 83 85 47 361 32 98 51 130 52 44 92 396 7 417 58 422 54 177 15 243 85 109 84 472 73 278 12 73 23 341 57 78 34 92 35 168
13 22 522 74 398 60 469 34 488 21 159 69 394 23 464 46 187 94 25 71 216 76 361 54 406 43 498 59 347 91 433 5 247 17 260 54 88 13 497 79 257 33 70 42 301 59 175
14 22 105 7 169 78 167 89 465 9 256 30 353 2 61 8 377 75 344 17 20 83 169 6 196 72 81 56 243 83 37 16 43 98 392 10 189 11 89 72 336 48 215 82 315 5 61
15 22 579 16 150 88 10 27 116 20 191 33 101 93 303 94 233 10 90 20 201 96 41 85 113 29 291 97 481 11 93 77 324 55 21 51 395 34 5 36 209 64 368 2 216 67 277
16 22 114 1 135 25 107 72 382 26 252 60 485 55 304 38 141 61 112 86 477 45 459 87 89 3 82 67 273 17 37 27 346 6 371 28 292 66 375 52 121 10 175 20 207 41 128
17 22 113 4 138 69 35 18 24 57 77 29 87 4 93 73 163 36 17 1 191 5 365 15 125 36 262 57 430 89 192 30 369 47 172 56 122 82 325 18 291 39 53 53 181 38 280
18 22 173 93 322 17 454 7 365 57 462 38 396 15 95 92 122 12 1 78 92 94 175 12 492 26 467 54 226 76 469 73 168 14 414 97 99 98 266 36 376 55 273 20 484 50 24
19 22 305 28 134 15 377 73 16 67 195 89 154 20 178 4 374 33 479 50 277 58 465 68 168 69 285 50 147 42 222 83 77 95 123 34 392 93 204 78 295 24 184 43 463 53 69
20 22 1039 1 285 91 236 43 413 93 339 65 386 64 47 48 20 7 489 80 58 18 251 69 212 46 248 98 76 75 25 97 34 62 467 59 19 25 487 61 59 49 499 30 148 79 105
21 22 165 16 46 18 347 66 458 48 252 32 324 65 375 14 55 98 183 83 450 7 290 20 169 59 247 77 29 72 322 41 406 29 235 29 215 23 389 96 74 48 413 18 324 93 367
22 22 926 87 208 25 316 41 196 84 137 73 221 44 233 44 480 90 344 85 32 7 224 81 237 66 343 44 34 80 251 26 368 22 438 75 159 83 311 83 480 10 316 92 337 59 471
23 22 157 19 15 50 184 58 363 26 104 15 336 99 211 65 396 57 249 67 240 83 175 6 474 72 264 66 55 25 494 23 476 1 388 38 64 74 239 38 187 81 47 58 429 69 433
24 22 797 56 116 19 107 12 351 48 293 10 389 55 410 46 372 22 280 64 381 83 481 98 380 91 370 75 458 96 160 32 70 51 120 1 213 72 217 1 406 75 431 80 232 19 231
25 22 919 26 219 28 65 38 476 73 70 68 96 15 483 55 21 5 86 76 5 34 487 37 362 57 432 37 369 23 281 19 152 25 221 11 489 29 11 72 25 3 129 54 490 67 130
26 22 631 57 171 59 210 77 396 67 453 49 262 88 233 10 445 41 445 94 436 22 313 62 249 68 119 36 87 59 427 37 37 7 235 70 121 94 235 50 413 94 321 23 68 28 336
27 22 1129 23 100 25 442 52 276 83 367 53 312 6 475 43 375 86 99 95 309 64 256 73 466 9 256 7 15 90 486 64 424 61 479 55 424 28 258 78 487 57 46 63 460 6 360
28 22 516 89 390 71 331 21 118 87 454 72 320 87 390 1 141 21 249 64 63 26 239 26 247 97 30 16 333 52 217 31 167 11 209 97 131 14 261 62 362 6 485 32 219 90 241
29 22 77 24 57 5 200 44 286 11 356 29 368 82 116 89 206 6 457 30 183 43 308 92 333 23 24 84 376 53 499 30 405 31 204 10 384 58 341 60 40 5 129 73 332 64 373
30 22 732 70 442 83 174 57 163 81 228 60 335 2 248 97 481 1 471 1 260 39 397 17 460 1 276 80 172 86 16 88 116 87 349 83 29 32 378 99 102 1 349 45 357 12 446
31 22 942 59 388 35 239 11 123 57 436 6 343 49 392 60 338 75 271 65 467 32 223 97 5 78 205 38 395 91 133 13 210 20 391 22 191 93 255 55 11 57 429 60 124 62 110
32 22 90 24 401 53 1 94 8 56 309 64 64 94 344 16 291 17 104 95 349 28 237 86 122 52 34 71 74 97 124 15 354 92 330 49 106 72 459 57 160 84 450 64 401 81 24
33 22 358 43 41 26 173 40 99 61 137 12 319 68 416 78 217 55 472 10 247 5 327 91 417 17 157 15 105 40 190 91 87 33 150 14 25 78 188 44 420 5 31 79 130 21 130
34 22 746 17 210 81 107 12 133 79 36 69 130 26 184 26 309 11 308 23 100 46 185 57 489 90 189 7 214 34 440 17 163 97 149 13 141 85 159 19 386 51 1 44 163 4 110
35 22 1065 22 411 49 105 39 69 83 289 47 489 18 411 85 130 96 120 39 280 6 121 49 169 58 12 70 171 78 17 1 162 67 393 39 317 80 487 86 400 11 392 32 177 5 192
36 22 155 45 334 5 414 44 257 44 321 20 250 30 222 72 462 49 174 10 312 96 411 30 383 58 141 81 226 30 270 81 331 47 74 3 479 98 355 28 399 92 419 51 99 47 436
37 22 785 60 446 36 259 95 238 28 230 16 331 14 228 66 416 74 95 80 292 39 331 66 402 93 296 27 147 32 1 45 35 82 117 13 390 31 444 40 323 99 93 30 339 99 462
38 22 908 8 241 47 482 29 226 50 403 66 83 34 61 38 170 66 493 71 161 56 160 22 187 87 480 20 175 37 230 5 16 93 445 20 308 73 470 47 319 17 334 41 404 80 233
39 22 257 5 363 58 484 25 332 72 203 86 338 28 140 6 407 47 81 10 11 48 73 42 431 30 316 67 188 26 118 98 283 1 234 97 18 45 197 62 149 37 134 62 282 5 325
40 22 522 88 164 77 139 54 113 19 454 52 11 84 271 2 326 13 95 64 327 72 284 23 492 17 414 94 236 7 232 67 492 83 80 59 87 49 114 13 421 46 390 80 431 84 123
41 22 786 7 265 15 101 94 101 50 57 19 64 81 323 90 398 71 95 37 209 87 208 83 136 8 203 2 435 89 12 35 173 71 300 96 244 22 458 60 267 81 423 57 234 29 317
42 22 85 88 176 17 314 69 24 44 164 42 199 69 160 42 82 53 20 14 306 86 443 74 284 68 126 3 194 55 279 78 36 60 98 5 375 10 366 7 195 33 154 60 330 27 280
43 22 1020 87 137 97 488 30 17 96 176 25 251 27 93 66 319 55 320 15 4 13 144 27 117 96 141 2 460 30 53 35 247 28 374 47 81 41 323 92 253 27 120 21 276 11 240
44 22 1121 69 360 89 237 2 456 82 148 1 275 74 376 46 62 37 400 27 310 83 112 82 330 38 294 52 145 16 402 88 154 70 270 81 268 5 335 34 280 3 189 37 497 43 343
45 22 966 9 31 15 8 20 227 35 174 59 412 8 24 43 427 97 363 3 81 70 162 67 90 69 148 10 493 34 305 4 320 76 398 69 167 66 65 44 119 46 120 64 341 23 445
46 22 1143 67 141 27 405 67 227 58 237 61 18 45 358 14 323 7 119 28 214 47 54 72 423 84 98 89 455 78 225 66 199 2 34 40 126 78 75 1 54 86 254 79 378 9 448
47 22 228 12 26 16 384 87 364 30 225 10 192 95 363 52 187 99 423 47 254 95 453 21 449 78 405 26 244 75 402 90 264 21 112 26 51 76 327 31 486 53 421 23 64 95 91
48 22 852 17 118 76 261 19 109 64 74 24 477 30 473 1 55 65 373 56 78 8 59 26 153 74 395 7 465 44 285 52 442 36 279 91 117 85 490 1 93 80 384 3 12 6 260
49 22 783 31 320 10 29 45 185 93 86 76 178 84 353 14 29 4 100 67 429 97 45 86 276 19 247 23 219 83 420 83 351 45 378 25 477 16 262 64 436 76 60 58 269 86 92
50 22 804 65 116 98 188 68 249 54 76 61 114 30 92 64 8 32 261 87 381 44 20 75 407 39 110 75 52 3 67 95 370 94 255 33 12 9 138 34 172 78 217 73 145 74 352
51 22 329 55 391 13 166 93 319 17 310 15 292 3 212 80 425 38 396 37 290 68 66 94 446 78 114 24 189 60 169 37 199 19 211 65 420 20 479 81 28 79 230 85 287 25 185
52 22 390 13 92 35 176 79 20 73 268 38 307 61 352 10 214 10 408 86 154 93 78 33 209 88 282 92 217 96 141 11 244 13 338 46 95 7 176 90 341 5 296 82 30 32 143
53 22 850 36 466 41 206 17 366 7 146 44 268 72 461 87 176 65 31 85 200 25 60 48 80 93 99 69 404 30 264 97 464 81 124 34 406 65 285 98 110 49 330 57 459 42 138
54 22 440 96 222 18 193 74 491 3 387 65 172 44 171 87 150 7 487 48 164 58 235 38 407 79 404 10 338 9 238 68 16 15 280 73 354 96 69 97 458 23 354 53 438 83 108
55 22 749 41 210 12 169 67 378 90 425 63 41 57 383 57 27 43 9 70 465 10 96 25 446 31 47 30 152 70 124 98 437 66 224 4 404 13 54 23 424 91 73 12 334 97 457
56 22 96 1 491 93 475 80 323 96 320 80 383 46 453 24 185 27 221 71 367 14 243 5 486 67 397 82 145 46 210 57 329 8 101 60 64 49 425 35 221 80 79 31 468 96 292
57 22 1065 48 410 40 151 29 234 44 301 82 406 96 301 6 261 69 50 8 242 13 138 38 404 70 419 73 278 56 475 52 259 44 185 94 119 92 34 80 477 54 35 35 146 91 65
58 22 887 4 22 99 450 65 323 30 193 47 199 21 417 74 409 20 127 85 89 11 343 63 151 63 487 40 202 88 104 86 353 74 238 18 257 29 299 17 431 90 195 32 195 36 433
59 22 628 93 140 97 71 37 152 8 297 26 438 85 312 12 320 34 413 28 122 15 241 50 35 10 83 79 485 26 419 99 229 91 453 20 121 31 121 63 126 29 347 14 15 5 62
60 22 558 79 22 85 315 13 131 73 349 80 492 17 332 80 41 86 165 87 71 96 393 87 301 99 228 54 438 45 380 35 206 40 352 75 190 15 90 38 446 22 158 62 63 98 483
61 22 901 28 397 88 19 88 120 62 148 36 9 97 294 85 473 6 103 65 489 59 242 80 388 30 207 30 72 38 283 25 69 60 142 74 456 35 449 98 47 69 454 22 25 28 424
62 22 1112 26 165 21 369 27 194 63 8 31 53 44 490 35 423 57 186 46 291 75 40 57 177 31 255 65 262 43 251 76 43 4 90 81 415 10 161 74 357 41 473 90 252 82 328
63 22 248 60 353 85 56 36 265 21 382 1 494 26 10 33 188 7 90 93 365 94 152 48 162 15 346 55 193 57 223 74 323 32 237 14 67 34 392 54 413 28 362 1 289 50 175
64 22 1011 22 34 77 436 14 182 45 134 30 83 90 365 2 369 80 325 69 340 97 474 63 25 7 56 45 326 85 208 61 322 16 99 56 448 88 43 71 465 15 18 20 123 85 387
65 22 117 40 459 83 192 71 99 94 370 25 198 13 308 95 251 51 52 79 102 87 223 20 54 44 122 70 76 14 369 51 404 10 120 23 498 30 304 73 164 8 473 44 439 57 176
66 22 629 46 313 13 387 74 372 42 368 51 384 18 213 19 79 99 147 72 492 34 81 66 480 18 399 55 239 93 380 87 406 31 1 86 72 48 4 17 403 5 498 94 76 26 281
67 22 1083 46 107 41 187 77 172 82 99 24 237 33 497 24 117 68 185 38 110 48 201 38 40 8 278 9 115 52 254 17 140 68 344 65 378 65 127 82 448 56 492 58 53 78 221
68 22 1055 62 26 5 207 63 256 88 298 27 1 12 51 88 178 39 470 78 130 81 297 81 158 56 365 64 163 53 457 25 20 86 457 96 343 11 45 81 458 57 86 17 244 73 434
69 22 203 27 364 95 82 49 63 62 221 64 467 70 161 78 452 23 3 26 277 55 323 26 333 36 103 42 36 12 123 92 116 74 461 57 316 28 148 68 83 58 76 18 89 78 95
70 22 788 2 163 83 442 15 235 98 167 77 154 93 91 46 131 32 107 73 195 56 393 37 162 28 227 2 8 30 176 10 444 52 18 40 446 35 181 52 209 88 378 32 261 56 60
71 22 1019 34 294 27 232 76 210 61 335 80 454 79 43 2 413 52 318 15 289 13 394 73 449 31 157 41 37 26 152 28 288 19 4 66 119 35 48 59 97 59 143 36 190 69 279
72 22 1076 66 202 89 201 33 285 52 235 86 496 58 151 19 385 15 50 59 252 57 82 22 396 49 98 49 243 28 99 64 343 78 186 14 59 84 362 19 425 61 396 6 328 99 80
73 22 362 67 494 82 356 99 159 26 98 41 437 45 3 25 401 62 492 13 336 48 461 19 497 97 276 88 158 63 270 94 465 83 454 22 10 31 232 87 130 43 162 61 370 33 417
74 22 771 72 344 69 233 10 451 74 161 5 479 71 19 57 356 24 497 62 171 99 61 66 389 35 94 44 259 49 440 71 310 79 252 80 259 40 32 50 229 8 128 20 424 44 381
75 22 849 72 457 14 335 94 119 86 328 11 329 76 242 59 474 23 262 62 211 95 480 82 49 53 29 83 379 53 368 48 161 32 339 79 227 41 138 28 94 85 301 60 402 29 215
76 22 277 33 58 87 330 49 395 88 17 97 485 73 19 82 296 84 312 11 322 41 11 68 53 14 333 77 118 14 419 4 269 13 279 29 22 4 135 69 244 43 127 66 393 86 289
77 22 907 45 492 23 171 3 408 95 210 69 406 76 437 90 114 19 360 98 433 56 365 99 432 26 293 20 268 26 459 25 64 85 246 12 239 43 465 90 57 5 315 65 222 70 454
78 22 439 67 18 86 467 6 144 72 474 46 163 56 188 97 314 10 5 78 104 82 255 5 291 94 436 62 103 97 230 84 15 50 362 72 477 61 59 56 428 29 138 43 132 51 337
79 22 578 2 2 76 283 79 179 5 447 67 199 85 56 25 278 81 202 76 303 58 13 48 477 2 49 81 31 21 201 35 106 18 402 25 213 76 412 33 45 24 28 9 31 35 290
80 22 638 70 33 27 442 80 4 6 471 8 254 91 25 4 173 42 220 15 382 92 172 84 134 86 231 77 486 28 13 29 147 13 462 3 65 32 429 72 315 91 156 10 43 50 332
81 22 585 80 137 59 215 3 155 32 73 70 291 83 240 58 380 23 39 34 348 70 380 96 451 67 23 87 209 37 106 93 346 50 380 58 15 81 242 83 295 62 113 76 402 95 490
82 22 1134 98 263 87 415 79 369 18 457 96 304 41 18 36 64 92 63 90 117 65 394 63 264 71 258 49 33 59 99 94 175 76 64 97 244 78 453 23 171 82 53 95 299 59 208
83 22 294 67 82 71 405 69 34 54 323 80 253 38 306 12 153 28 27 28 57 88 226 93 5 24 32 40 305 34 492 67 222 99 417 26 73 53 28 21 310 5 176 55 28 80 303
84 22 957 50 369 8 228 3 184 46 9 34 420 8 435 76 475 25 251 32 485 98 256 61 134 19 331 55 96 33 312 83 393 28 344 34 171 32 136 99 361 47 95 65 237 53 400
85 22 511 74 451 9 309 29 481 48 462 50 329 95 38 34 151 98 398 32 372 1 187 19 87 13 401 51 27 29 62 47 211 39 241 84 106 43 11 37 42 45 275 30 403 3 366
86 22 1038 74 101 69 296 62 336 19 373 12 19 17 303 39 94 24 70 94 205 62 80 89 457 33 55 71 431 40 337 79 86 27 279 7 472 19 162 75 390 64 5 62 234 76 215
87 22 787 42 248 4 55 29 21 47 348 47 76 37 113 27 305 31 327 96 78 18 23 35 205 2 224 98 272 40 258 37 447 72 99 24 160 21 182 69 111 11 349 8 150 64 179
88 22 51 11 212 98 189 57 426 92 28 63 365 44 313 38 44 48 428 43 312 50 80 45 323 92 385 99 57 58 268 85 247 60 63 66 340 56 136 99 161 77 105 50 401 21 128
89 22 160 16 23 11 204 12 288 40 425 85 150 22 455 89 417 7 246 45 411 61 230 20 224 57 174 22 201 2 122 36 176 62 156 5 22 92 437 53 40 24 234 86 269 28 71
90 22 292 7 62 70 143 12 205 10 290 96 9 79 397 98 458 77 352 24 493 29 110 74 281 26 209 31 365 46 351 88 106 20 159 80 367 85 469 12 45 87 108 17 242 46 170
91 22 121 65 151 31 14 11 403 62 323 60 19 62 419 95 25 51 220 84 217 14 230 81 389 22 242 13 258 90 124 10 165 86 310 14 169 94 152 88 238 53 217 73 348 64 52
92 22 55 15 254 17 175 67 186 22 181 46 95 92 458 40 273 6 320 15 420 75 125 2 255 71 123 74 16 77 321 22 456 26 21 35 40 4 253 67 103 90 110 94 339 3 359
93 22 1022 79 345 8 482 32 448 65 467 93 227 74 306 16 370 72 91 74 486 31 287 43 187 43 187 10 469 8 58 56 325 35 143 91 70 33 206 75 331 78 267 12 352 22 234
94 22 1138 37 154 87 348 74 386 53 306 11 491 30 295 30 389 58 189 63 490 62 121 38 5 4 335 40 346 38 38 41 281 15 419 82 51 91 477 55 454 79 487 95 299 94 398
95 22 1035 28 382 91 118 72 497 35 445 9 129 57 90 2 23 54 27 4 204 21 271 63 120 73 207 15 439 24 498 24 146 37 260 70 122 58 78 80 375 42 218 55 103 72 438
96 22 910 19 151 29 78 92 161 8 311 51 405 72 313 13 97 79 35 80 43 3 493 30 454 92 152 50 88 85 446 46 363 43 197 94 292 72 224 52 192 45 226 11 330 30 83
97 22 771 88 4 89 383 54 99 3 13 21 15 81 108 38 22 84 438 80 245 12 295 97 292 20 120 40 488 51 207 53 244 62 358 80 462 43 445 25 334 99 436 63 108 98 178
98 22 84 17 139 35 27 16 179 4 498 9 411 47 407 41 42 84 272 2 415 28 139 72 149 82 434 1 142 46 136 83 53 83 227 30 38 3 274 69 10 92 408 88 377 46 84
99 22 309 39 440 39 110 74 415 61 245 55 127 11 405 90 343 76 73 73 234 62 78 38 191 89 188 28 330 82 18 94 63 55 349 48 24 84 37 33 404 18 79 19 169 79 204
100 22 463 66 139 56 21 35 373 87 495 86 493 80 319 14 300 37 446 21 190 85 304 75 165 10 228 91 488 68 98 16 274 66 320 49 355 74 54 53 56 31 8 91 215 39 367
101 22 801 72 42 20 115 2 492 92 99 93 431 94 362 22 394 31 93 18 351 5 203 93 331 23 159 50 60 21 152 91 217 83 240 39 468 46 192 75 35 65 303 7 131 39 423
102 22 106 16 123 14 74 52 497 5 382 21 443 9 100 6 313 71 227 99 297 84 440 75 62 40 338 23 479 23 265 31 457 53 417 82 238 66 497 30 186 42 450 38 274 57 53
103 22 1079 64 40 96 9 78 424 88 168 28 331 4 428 14 288 82 314 47 448 81 382 64 255 33 463 98 237 30 191 5 397 20 23 31 70 19 492 5 206 68 191 38 483 29 90
104 22 322 54 100 5 130 41 325 92 367 42 224 70 7 22 309 69 343 24 147 74 439 74 452 83 235 57 100 73 141 88 394 72 39 33 382 83 147 24 242 64 176 28 167 3 403
105 22 354 62 443 77 305 96 104 99 54 87 152 24 70 32 321 47 20 58 184 43 136 99 322 18 493 72 4 95 158 83 208 75 243 66 77 90 32 57 133 11 12 24 364 18 143
106 22 1082 96 228 75 48 84 43 85 424 74 27 67 262 1 218 52 417 20 72 86 1 65 208 94 155 83 231 39 111 76 343 89 424 64 407 13 281 84 205 24 125 68 348 76 161
107 22 829 89 264 26 183 62 314 8 236 57 180 61 74 94 294 60 215 85 260 53 61 17 298 98 234 14 3 10 294 44 135 49 407 64 410 70 331 87 336 5 441 46 47 26 495
108 22 643 7 362 32 397 20 462 74 470 70 339 53 133 81 333 24 64 10 284 80 487 54 49 55 141 29 84 4 113 47 63 4 212 67 356 57 87 43 357 64 423 15 468 46 126
109 22 918 90 115 8 327 44 269 13 298 56 235 22 367 90 286 30 444 47 374 73 302 68 316 18 467 81 222 28 269 77 82 59 485 47 13 3 491 88 438 6 192 65 351 30 117
110 22 646 47 3 69 429 38 148 1 422 79 291 41 475 87 265 69 493 93 364 73 93 99 242 5 1 6 407 71 138 10 3 32 403 18 225 15 270 93 415 26 222 41 187 89 135
111 22 796 16 292 94 71 86 250 32 158 31 87 53 339 76 387 92 259 4 276 15 478 89 140 65 295 7 269 91 431 69 66 15 417 16 351 69 252 6 81 22 368 22 173 86 133
112 22 1026 87 267 56 383 34 61 5 478 62 10 37 299 87 151 3 146 9 103 93 127 41 392 79 256 4 437 27 404 45 69 86 303 33 7 8 449 43 347 73 296 40 477 93 377
113 22 180 16 287 46 486 73 383 7 21 67 181 37 460 68 162 27 398 21 463 42 101 61 125 81 447 10 388 32 374 3 401 10 39 29 397 87 495 22 199 63 283 71 133 81 188
114 22 1000 98 172 65 211 34 326 15 448 92 277 19 402 76 316 82 221 54 217 91 160 5 53 12 79 33 407 15 463 25 79 23 63 18 397 89 356 65 250 77 104 56 448 69 20
115 22 845 11 341 54 405 15 199 70 493 65 277 89 55 37 469 84 181 11 135 60 31 1 8 48 111 73 241 59 144 80 105 23 287 44 492 17 37 47 270 1 76 17 100 47 65
116 22 392 73 154 12 275 68 432 79 211 26 338 11 61 57 434 63 240 76 287 21 140 86 256 69 393 4 275 24 357 47 267 34 467 78 182 75 358 92 295 68 238 49 449 20 250
117 22 852 46 211 93 294 10 109 72 188 92 458 51 240 75 130 33 44 68 36 72 350 45 58 58 226 42 117 5 313 61 443 25 180 55 404 66 457 25 302 15 239 36 484 27 443
118 22 892 8 49 4 378 72 432 88 332 31 305 57 273 32 374 4 406 45 247 69 169 15 188 78 65 29 329 45 270 53 155 70 369 34 160 21 495 6 335 81 403 10 211 81 257
119 22 679 27 71 18 230 38 394 86 223 41 9 74 260 26 400 39 462 64 145 55 160 22 354 6 172 17 194 72 489 32 426 19 378 40 197 3 314 53 23 88 104 56 32 10 257
120 22 1119 50 300 76 377 50 395 37 448 26 208 84 268 29 387 19 442 18 479 89 465 73 78 6 89 16 61 78 212 55 295 24 351 34 219 53 337 96 195 41 485 49 55 45 380
121 22 100 87 77 2 321 6 429 68 315 1 273 34 69 75 311 95 9 50 431 85 280 76 219 43 31 58 235 98 341 68 251 27 344 10 14 78 491 68 50 51 357 39 272 10 108
122 22 615 51 386 8 61 78 437 12 221 3 232 62 113 99 453 20 117 7 178 9 254 43 172 38 3 76 461 77 225 94 210 72 149 68 241 96 87 67 426 43 19 5 443 51 52
123 22 786 46 98 44 379 87 252 31 188 76 499 33 398 9 128 91 189 67 65 9 21 52 463 34 44 61 197 60 305 22 1 50 370 29 374 96 173 4 468 24 28 42 247 40 142
124 22 577 37 446 61 379 4 71 88 290 94 106 94 160 23 269 51 499 34 86 94 456 17 389 75 317 99 245 13 68 9 91 96 345 14 440 51 159 21 434 86 374 52 95 53 34
125 22 1105 70 364 57 202 99 19 80 462 99 273 31 472 96 198 74 383 33 246 74 183 60 456 19 446 51 342 50 355 42 209 64 89 13 238 84 476 23 271 77 56 1 277 98 214
126 22 899 12 323 96 250 77 258 79 351 11 113 24 401 99 296 18 164 46 76 85 24 97 138 94 360 51 106 57 109 12 179 34 221 64 457 39 287 40 270 41 23 43 69 55 217
127 22 406 16 184 89 51 99 377 71 230 28 290 95 104 82 8 90 137 15 404 53 437 67 188 7 167 34 305 98 414 64 345 40 373 77 322 15 234 97 126 34 481 60 31 88 335
128 22 677 96 454 82 158 37 129 71 83 85 457 83 281 73 240 43 188 30 148 25 289 91 466 18 36 12 194 2 446 37 193 38 304 92 155 19 263 3 257 73 260 37 269 80 228
129 22 1135 15 223 19 422 11 437 43 205 67 287 10 56 56 440 58 440 93 374 43 393 78 494 67 6 91 426 27 30 30 461 10 469 20 94 76 293 84 154 70 150 12 284 65 381
130 22 175 75 180 10 42 44 116 86 248 81 357 12 157 33 101 59 230 17 206 40 327 20 276 30 271 90 163 89 294 28 308 23 285 11 225 10 55 57 377 82 204 86 240 59 140
131 22 249 47 415 93 156 17 246 74 166 69 19 51 450 50 382 14 26 31 77 76 140 53 365 9 492 47 13 1 310 61 215 24 215 17 426 48 210 64 136 60 53 27 390 66 170
132 22 487 46 63 26 116 18 32 50 482 51 116 58 419 10 438 47 159 28 84 62 332 48 407 91 313 64 206 36 138 41 361 5 148 47 140 31 83 52 433 49 117 24 132 41 404
133 22 726 47 76 3 485 73 430 14 50 32 478 79 212 77 402 79 72 33 303 51 473 91 30 91 70 55 81 66 261 77 150 81 494 65 327 18 458 86 43 1 299 79 268 9 417
134 22 719 54 120 16 277 3 219 46 144 82 208 82 133 90 364 27 110 92 188 40 30 9 21 3 274 56 485 91 452 8 384 87 17 23 288 90 305 61 147 55 378 13 473 37 239
135 22 633 73 284 19 219 72 32 85 272 32 197 48 257 94 234 46 462 99 468 64 258 49 406 92 495 5 393 86 258 22 232 85 128 1 476 60 64 28 203 51 394 3 146 35 12
136 22 770 21 115 6 307 64 75 58 346 36 215 48 455 82 393 76 225 4 10 65 253 14 286 74 205 64 157 79 404 12 309 51 358 35 132 47 210 12 113 47 496 15 288 39 234
137 22 523 61 227 60 245 91 198 51 373 40 2 11 98 15 370 28 337 50 102 76 114 8 146 68 100 92 81 73 247 35 470 16 37 9 27 44 163 36 417 3 343 37 141 61 402
138 22 598 37 92 97 389 22 236 90 330 95 301 33 267 5 489 94 89 79 36 13 95 82 151 34 92 27 414 46 121 62 176 76 84 60 111 89 146 11 338 39 5 79 250 98 397
139 22 913 94 141 90 194 70 315 59 407 76 118 65 491 55 161 78 32 34 404 72 237 36 456 36 164 53 230 60 341 23 343 46 78 41 53 39 444 41 450 87 178 79 195 42 199
140 22 1127 9 240 39 199 88 427 86 352 72 337 60 487 95 167 69 24 91 274 52 25 43 246 17 321 56 247 16 222 43 103 15 285 16 304 53 62 78 207 31 280 33 459 39 398
141 22 887 26 498 39 497 29 68 97 369 54 202 85 459 66 175 96 444 7 281 12 452 14 151 45 439 57 349 49 423 88 335 5 363 16 471 46 251 30 319 44 186 54 246 78 1
142 22 618 82 222 92 328 83 339 53 248 92 325 18 108 95 98 30 125 32 93 11 13 35 391 68 407 86 347 42 162 61 179 88 395 23 267 4 398 51 144 78 407 74 243 85 385
143 22 725 34 100 18 469 85 169 70 270 74 310 11 32 70 295 46 39 73 253 19 472 68 448 7 495 93 373 57 60 49 261 50 124 7 90 10 367 15 193 64 69 70 30 69 231
144 22 501 4 4 29 319 18 321 51 378 48 71 50 309 49 193 91 70 99 415 87 88 31 170 30 63 17 55 87 488 49 193 37 274 63 442 2 479 48 134 85 199 98 296 43 436
145 22 535 25 166 92 303 19 100 95 62 40 128 78 122 80 256 89 65 66 151 30 2 70 214 11 200 71 435 38 421 28 11 19 31 32 484 45 156 96 256 95 291 27 205 62 299
146 22 553 53 252 72 366 53 478 21 350 78 181 89 489 92 378 1 14 25 275 13 56 59 20 60 34 69 253 93 437 79 499 7 274 3 407 79 38 57 378 87 158 9 100 30 434
147 22 640 25 40 94 418 94 168 79 270 47 174 93 325 39 108 11 363 69 312 98 7 93 108 26 284 89 142 3 347 25 457 98 388 49 56 7 141 56 352 91 345 29 318 19 217
148 22 162 4 357 78 454 44 256 28 199 47 55 9 412 65 343 23 265 38 172 80 7 50 139 53 471 22 365 47 16 38 115 35 30 97 107 43 257 83 450 43 77 63 227 45 486
149 22 228 36 395 17 444 85 245 73 41 82 380 5 26 52 288 97 457 9 31 27 383 57 55 67 47 36 10 42 434 40 152 61 268 88 334 85 1 2 353 40 112 48 145 17 81
150 22 747 15 190 52 159 55 321 22 379 71 164 74 193 82 59 68 360 55 303 33 213 75 400 25 85 20 469 5 389 68 304 16 198 46 320 82 438 61 28 82 235 16 112 54 492
151 22 873 47 103 73 114 82 5 70 176 70 224 24 214 5 213 58 115 44 221 94 407 68 69 36 205 71 180 27 270 75 362 76 367 36 194 82 330 51 169 47 179 14 288 2 207
152 22 1088 94 244 50 172 22 345 68 369 41 83 82 437 99 37 2 390 46 101 20 213 5 148 77 16 30 320 32 255 68 327 53 229 83 4 85 353 91 340 78 451 48 416 8 192
153 22 940 41 450 73 166 99 226 82 495 72 86 76 326 7 377 61 156 7 81 86 38 80 397 99 308 80 337 82 158 23 442 30 279 96 105 93 32 73 121 27 184 48 425 65 33
154 22 811 12 97 5 27 58 7 53 92 53 79 25 380 31 10 61 210 18 170 43 299 53 280 86 384 25 216 88 162 93 170 71 491 73 170 52 376 53 335 16 21 8 367 4 132
155 22 886 43 347 23 385 30 71 24 496 84 229 64 456 8 421 26 21 72 200 20 355 88 173 58 489 84 70 80 445 12 487 9 148 56 109 86 282 8 111 57 179 20 397 57 89
156 22 105 42 335 49 482 58 371 9 355 12 217 33 413 88 254 74 158 90 90 20 333 86 280 62 252 14 19 49 236 29 244 70 129 7 29 57 140 78 14 67 323 15 90 33 94
157 22 261 69 365 80 438 34 107 65 349 21 337 32 263 62 451 79 179 84 119 48 318 30 454 5 371 51 71 96 358 23 112 59 260 64 84 66 445 95 437 8 372 15 39 55 255
158 22 450 90 341 71 180 95 494 31 85 81 301 98 347 47 68 14 170 23 23 42 428 55 280 43 388 83 481 97 162 3 256 35 91 43 414 19 178 9 350 10 252 53 389 86 305
159 22 540 25 117 37 342 95 198 74 454 8 7 13 51 84 41 62 254 97 203 53 203 80 79 39 380 77 277 7 284 2 321 17 265 73 115 68 310 69 462 6 416 95 354 82 161
160 22 790 43 110 94 83 15 484 88 445 95 463 48 369 58 442 34 498 34 149 35 199 16 322 26 342 69 277 21 320 61 71 2 353 85 187 8 91 90 293 25 393 14 481 82 284
161 22 1021 64 356 42 55 35 396 20 406 49 225 26 461 72 366 24 19 19 376 44 261 86 300 59 446 18 165 13 64 81 186 21 40 97 264 88 264 4 284 60 160 84 308 70 100
162 22 80 50 434 58 495 1 168 19 69 91 371 69 395 65 415 30 366 9 211 38 159 85 73 13 356 60 384 81 323 80 137 30 260 79 158 88 310 93 434 51 486 33 7 21 449
163 22 1058 11 270 27 382 40 96 95 491 91 172 27 387 9 290 92 476 93 128 92 52 37 287 95 306 83 91 10 413 90 364 95 108 95 166 36 419 44 164 65 10 90 481 72 421
164 22 683 53 234 15 341 87 455 75 335 32 134 3 498 45 330 57 3 46 114 1 367 45 179 57 42 43 197 49 279 92 178 99 267 37 36 53 424 96 132 28 347 23 162 9 468
165 22 339 72 341 88 473 97 135 23 159 77 473 62 74 48 1 46 50 25 362 6 127 61 420 80 174 36 72 7 275 10 86 40 338 17 311 19 316 49 330 44 487 98 245 61 28
166 22 289 52 75 78 419 8 110 67 257 80 289 29 363 66 440 3 226 26 342 37 20 89 345 54 210 6 6 21 487 59 59 8 235 70 461 43 455 11 162 66 203 48 148 50 113
167 22 149 85 362 72 459 96 152 48 496 34 261 78 178 88 187 19 269 17 476 88 99 59 360 41 459 73 428 67 403 70 313 74 96 38 428 46 489 50 217 66 483 12 475 64 491
168 22 350 47 132 60 451 48 256 2 85 98 454 98 450 33 146 67 199 50 468 58 420 35 236 12 478 20 57 66 439 62 298 33 123 47 176 64 128 24 329 31 52 40 327 40 387
169 22 60 51 323 90 43 57 147 11 324 4 141 1 221 54 371 52 419 79 463 51 180 97 447 94 322 6 25 77 11 59 429 23 23 48 132 37 162 54 71 78 346 15 152 41 6
170 22 720 61 205 62 271 85 228 7 216 2 431 3 461 40 412 22 283 15 429 99 389 69 383 47 152 70 119 55 178 36 108 30 161 51 498 91 208 63 432 20 256 5 288 42 85
171 22 511 39 71 33 141 6 321 55 374 82 190 41 9 74 273 8 90 51 462 5 306 91 265 86 82 52 30 38 129 35 280 10 212 46 145 35 131 10 389 63 174 55 232 90 218
172 22 749 15 367 57 420 45 23 51 344 20 361 72 438 85 423 15 70 81 90 40 195 42 204 41 321 73 355 15 241 26 92 7 387 47 278 11 185 10 178 95 72 32 317 16 73
173 22 481 5 193 34 351 63 425 53 91 66 386 57 11 66 370 85 423 10 306 5 448 96 205 7 378 79 417 46 264 9 481 29 363 30 376 29 336 33 451 9 302 99 366 37 160
174 22 282 80 385 84 170 42 492 98 333 46 275 16 440 13 405 99 316 90 471 95 95 73 25 5 323 6 321 59 314 46 401 25 292 68 94 3 262 54 412 55 309 80 254 16 422
175 22 715 77 275 16 229 53 428 48 302 18 136 92 311 65 183 22 94 78 127 44 144 1 148 35 113 77 73 4 78 25 42 36 431 59 367 79 471 19 212 41 196 8 294 31 62
176 22 1075 62 224 95 490 29 206 70 214 31 59 99 241 49 216 89 331 53 125 32 227 50 256 47 165 60 202 36 295 47 224 78 270 86 172 82 453 80 496 25 17 3 435 87 53
177 22 75 15 360 17 360 70 141 29 148 88 271 33 398 5 493 37 72 33 145 43 115 83 80 50 274 73 55 29 7 55 108 17 354 86 159 56 90 99 350 21 176 52 54 51 2
178 22 837 34 420 13 385 98 106 20 266 70 334 43 404 25 287 57 18 38 53 76 36 22 499 24 382 84 484 83 348 83 113 13 347 47 218 46 401 32 110 43 467 88 266 27 476
179 22 1100 53 282 98 473 16 450 20 131 97 155 60 427 47 119 34 105 87 116 91 453 1 269 43 345 54 220 2 437 1 41 57 152 64 371 85 82 91 483 21 258 52 231 67 285
180 22 577 21 440 81 491 8 273 30 135 88 109 77 266 29 258 83 59 97 300 33 53 1 147 69 73 49 23 15 285 9 314 26 360 68 142 78 334 95 98 32 132 95 179 76 494
181 22 308 2 268 44 367 7 245 45 143 7 431 71 164 29 161 17 34 39 144 99 98 8 332 75 235 97 315 69 491 1 352 65 235 3 37 5 499 26 13 1 21 12 266 18 471
182 22 618 54 408 59 484 47 381 87 12 21 482 85 466 99 387 1 7 17 311 24 218 18 238 39 479 17 377 10 342 91 120 94 455 71 442 94 323 99 39 34 232 41 100 59 315
183 22 757 2 89 7 149 53 256 36 441 2 260 63 385 9 46 51 427 51 13 26 356 54 424 58 250 1 146 87 412 55 476 86 317 47 317 6 303 33 295 83 189 86 377 25 75
184 22 406 31 327 28 212 98 106 53 166 92 456 40 279 10 189 99 321 83 367 9 306 11 147 17 99 49 294 33 453 84 411 33 51 47 463 86 350 1 327 31 486 78 438 31 48
185 22 141 76 384 81 139 56 21 87 310 65 253 91 483 97 325 76 488 20 494 63 489 69 210 47 476 12 155 85 495 42 148 12 141 75 496 78 130 90 477 88 312 84 360 18 106
186 22 556 41 297 15 78 86 148 59 141 25 266 80 232 77 497 27 54 23 7 82 481 20 150 68 166 13 190 40 476 8 244 62 265 75 122 3 274 72 453 79 334 21 258 17 9
187 22 577 55 2 35 191 47 382 67 210 95 454 97 244 96 347 46 104 94 60 39 82 68 252 27 274 31 376 72 302 4 194 11 17 80 310 85 351 40 444 92 265 97 384 15 421
188 22 1130 89 205 49 461 69 134 5 393 41 335 54 288 1 85 19 424 91 333 56 285 76 135 62 209 59 442 19 199 18 182 45 345 66 491 61 283 27 203 78 167 24 464 59 384
189 22 451 14 365 69 105 6 12 75 411 99 54 88 135 68 149 48 238 48 62 60 69 75 128 48 414 80 479 25 233 58 119 23 340 42 5 6 281 70 94 9 172 54 315 41 238
190 22 219 50 467 46 204 72 456 56 325 1 29 34 468 61 300 79 318 52 58 40 145 17 468 43 358 53 498 63 23 10 203 54 336 65 453 16 35 29 414 30 66 77 8 17 149
191 22 359 4 25 16 337 34 485 60 443 39 122 6 287 18 419 87 485 66 155 9 312 18 73 65 282 56 497 1 278 34 209 15 67 40 431 10 449 51 418 33 62 91 9 58 69
192 22 395 57 245 7 261 54 338 54 151 55 277 75 16 10 60 47 99 13 1 83 227 26 3 95 294 67 268 11 351 7 138 66 32 19 3 3 144 38 146 65 487 58 472 68 47
193 22 310 8 170 29 425 93 369 85 59 75 230 58 367 80 263 75 117 81 334 78 50 19 291 11 97 32 171 79 272 81 323 9 142 92 201 31 175 11 331 54 166 99 213 26 381
194 22 569 57 239 61 330 64 244 41 209 45 276 36 269 46 398 10 486 53 277 52 360 84 331 93 429 29 388 37 238 33 90 88 368 74 198 14 384 27 199 86 157 59 25 45 398
195 22 152 68 475 29 456 30 214 24 46 44 248 85 84 19 442 52 54 42 112 81 252 91 167 4 265 50 395 82 382 6 431 11 219 7 384 98 377 89 492 43 68 18 276 3 204
196 22 82 96 303 62 301 22 160 41 468 2 361 7 457 2 345 42 45 85 132 21 318 20 409 50 10 49 227 38 478 76 252 35 6 28 260 51 458 16 485 69 140 56 354 4 71
197 22 183 42 319 66 342 38 58 10 415 1 390 32 294 60 401 6 36 17 34 23 136 68 352 23 213 43 277 45 335 65 385 26 449 47 117 73 116 34 314 70 29 90 81 16 191
198 22 783 83 163 99 496 96 51 68 242 67 286 67 429 76 365 59 423 6 490 94 231 57 182 97 198 8 443 9 251 95 152 24 374 70 43 69 263 29 471 73 14 67 3 68 294
199 22 1003 74 260 55 354 88 309 49 296 32 221 84 33 42 482 48 182 85 419 12 10 22 143 78 167 65 414 64 366 34 232 16 149 48 334 82 191 91 273 46 127 90 91 15 336
200 22 60 21 498 16 121 95 303 11 254 67 59 16 451 65 292 12 27 26 447 64 344 90 23 18 447 86 242 37 138 29 286 72 395 3 348 7 151 59 228 78 119 90 52 20 182
201 22 890 46 400 22 297 43 99 53 490 5 416 81 481 98 253 19 397 63 2 62 186 96 149 85 374 95 166 92 159 33 41 58 373 6 192 6 133 21 288 51 27 92 206 30 495
202 22 499 13 178 52 85 73 134 66 51 8 55 71 148 10 319 15 402 84 458 27 311 9 329 34 380 87 328 11 205 36 26 54 381 10 204 98 95 14 382 42 1 81 291 97 96
203 22 524 74 439 52 405 98 180 39 363 81 12 14 80 29 149 5 293 81 489 80 337 82 451 94 111 64 434 48 53 76 259 50 195 16 74 17 319 60 423 77 453 65 114 56 223
204 22 1073 63 302 70 498 80 445 85 298 86 175 5 432 21 357 44 247 65 404 63 157 71 445 53 421 53 39 2 420 40 28 19 411 94 236 85 173 81 284 92 11 82 370 62 202
205 22 421 49 187 58 378 74 156 84 195 70 144 71 303 56 488 56 12 61 214 33 239 97 273 98 20 56 306 21 117 13 200 38 203 71 263 48 158 35 278 87 447 34 113 77 295
206 22 799 84 298 81 417 99 54 62 105 41 410 69 123 22 452 40 200 97 440 39 378 62 435 88 457 95 150 84 404 55 196 3 425 68 282 98 314 11 192 79 91 27 96 62 382
207 22 689 21 155 80 291 61 257 69 386 31 487 56 214 16 467 77 420 56 115 85 332 2 386 33 382 46 84 44 338 43 326 58 360 78 275 78 302 74 36 12 427 37 474 34 456
208 22 587 16 370 91 146 23 183 20 448 92 393 36 452 6 186 9 25 46 169 76 54 54 317 76 493 85 41 88 363 7 74 63 440 3 124 9 476 93 303 22 155 75 301 99 443
209 22 599 14 315 40 253 28 119 81 379 32 277 29 366 20 309 37 107 7 42 91 371 33 358 39 317 39 476 70 292 46 71 91 488 28 329 23 397 90 142 47 130 74 143 58 213
210 22 781 97 268 45 149 63 77 9 423 66 62 27 318 46 1 70 437 11 485 92 267 24 415 22 179 87 357 30 232 97 16 32 233 30 443 46 398 53 422 87 246 19 130 4 385
211 22 906 31 242 47 41 36 35 46 247 86 165 68 450 41 201 1 461 42 468 93 285 94 447 15 110 31 257 67 24 51 99 51 364 10 285 94 43 45 245 57 114 38 288 31 236
212 22 491 64 78 23 36 43 234 7 19 1 420 29 152 82 361 13 190 89 48 68 397 96 270 1 46 83 118 70 82 15 208 80 289 27 362 55 15 61 472 79 429 94 124 93 80
213 22 743 71 32 88 149 43 324 75 16 21 224 9 414 92 306 15 231 20 269 70 462 73 4 15 398 62 84 63 36 84 420 53 209 86 428 70 299 74 294 66 158 40 173 24 294
214 22 953 12 172 77 1 67 498 18 106 96 70 17 132 67 106 43 469 56 127 14 488 73 183 53 326 24 499 61 241 70 193 96 218 70 440 54 444 62 281 65 171 73 260 67 243
215 22 163 35 422 75 137 31 290 89 198 54 303 92 381 78 270 53 320 48 39 64 459 56 397 10 8 88 157 56 87 56 227 63 421 52 52 45 499 69 47 62 25 23 408 88 428
216 22 848 48 296 1 140 64 52 98 138 72 260 42 422 81 94 47 40 97 436 11 236 24 401 61 22 89 240 77 364 23 326 86 94 64 163 67 329 10 430 76 167 78 204 25 268
217 22 558 19 475 80 373 7 267 29 419 67 137 16 29 32 474 62 461 17 337 13 354 58 49 51 492 91 31 37 12 41 211 59 93 77 86 73 91 9 121 16 158 49 67 91 488
218 22 247 81 433 50 129 24 359 62 68 73 183 7 82 59 377 48 364 73 228 39 418 94 413 94 124 58 453 56 199 92 446 4 346 36 65 57 265 60 219 14 478 24 196 60 331
219 22 171 80 229 11 233 93 195 12 152 17 490 42 22 29 496 70 358 23 315 28 327 15 254 96 118 51 20 27 76 62 7 27 373 84 322 86 365 92 233 87 72 69 197 83 281
220 22 758 94 55 60 218 88 206 81 261 84 244 40 107 36 83 6 99 2 98 38 100 60 457 93 306 37 3 86 417 25 135 9 307 7 61 34 430 63 168 47 120 80 406 86 4
221 22 519 14 325 62 267 99 226 60 332 47 499 61 361 94 338 43 229 13 309 68 456 41 286 91 428 79 336 64 297 34 175 58 415 18 10 73 468 45 31 18 312 90 232 47 23
222 22 603 1 46 60 189 36 343 62 444 86 24 23 229 13 94 8 98 33 333 91 279 72 83 51 88 13 107 70 315 19 384 78 149 13 32 15 208 50 21 9 231 5 261 83 198
223 22 790 47 403 27 406 85 335 17 130 66 299 90 363 83 344 58 215 81 466 23 369 92 182 55 79 28 89 52 263 58 212 55 186 6 24 51 320 2 426 62 232 23 79 42 73
224 22 194 49 120 45 278 40 182 93 375 45 51 62 496 22 165 17 378 98 285 11 387 8 32 36 372 64 60 28 164 19 251 97 450 51 11 51 363 27 209 91 491 98 210 55 152
225 22 110 33 124 47 413 26 356 34 89 76 233 29 217 46 42 60 163 25 188 1 472 42 325 91 262 68 438 92 183 77 388 36 497 5 161 53 78 2 175 84 16 96 224 41 340
226 22 929 93 267 58 38 44 338 3 214 36 232 91 308 18 52 21 30 11 94 69 41 61 105 47 29 97 267 32 435 13 309 97 122 16 380 26 335 43 108 83 245 76 148 6 412
227 22 371 55 406 66 485 15 166 75 178 44 476 41 347 81 33 51 408 53 155 87 458 61 33 4 203 59 490 69 382 71 486 32 434 72 461 61 406 66 441 17 208 9 174 33 207
228 22 1129 46 302 38 354 14 129 13 302 89 156 96 455 69 313 57 190 11 203 83 16 38 321 93 314 58 107 63 446 5 241 80 34 84 412 65 320 46 129 61 439 53 468 28 144
229 22 119 20 104 74 338 76 344 63 207 44 313 20 372 59 345 30 441 1 435 11 292 99 371 48 493 98 56 32 236 48 270 2 242 80 384 55 28 30 434 50 483 58 407 41 328
230 22 433 54 480 85 467 81 430 7 1 28 54 30 100 52 138 19 434 74 118 45 450 35 344 85 7 37 125 57 419 7 343 5 280 97 71 24 336 50 322 32 443 28 3 69 204
231 22 1079 58 448 87 217 79 261 32 73 62 256 73 26 96 27 55 259 45 63 6 454 62 14 77 43 88 243 92 248 98 143 8 451 84 418 1 279 68 137 90 438 16 259 5 45
232 22 890 40 30 8 377 70 34 10 279 91 108 77 259 27 268 13 389 3 1 77 102 91 410 51 92 37 450 81 226 62 409 59 496 49 112 32 370 80 357 80 66 59 192 80 109
233 22 1069 77 484 8 176 66 145 99 442 90 369 38 316 69 224 70 48 42 477 4 54 4 115 85 452 63 358 94 132 10 33 33 411 24 363 89 416 16 40 74 376 30 308 97 318
234 22 807 29 122 8 270 18 493 6 267 16 310 92 347 49 297 58 480 32 332 37 168 20 330 10 118 43 361 15 339 35 236 60 106 90 202 51 311 62 168 93 155 33 425 19 183
235 22 677 46 366 18 310 31 393 70 126 81 265 82 437 45 289 46 406 60 107 1 179 57 61 26 403 34 380 67 118 88 240 96 272 79 467 10 46 6 142 6 396 2 28 95 490
236 22 242 49 483 93 128 4 24 85 75 4 86 3 334 81 187 22 276 88 441 75 492 61 123 60 411 27 474 9 97 37 202 81 422 53 18 66 493 43 337 42 313 15 497 97 98
237 22 742 54 245 23 218 13 265 91 152 13 106 11 269 26 6 69 76 37 210 27 425 23 177 11 2 63 337 22 458 92 367 32 498 96 444 49 110 93 433 64 428 64 498 15 430
238 22 235 73 183 32 3 29 472 33 204 11 250 26 100 83 8 76 122 17 363 61 204 34 87 56 238 26 245 84 370 61 263 46 341 73 334 82 135 13 129 34 127 22 232 17 29
239 22 379 80 393 26 125 78 283 7 95 25 435 78 305 78 132 36 124 92 412 61 237 83 45 53 317 28 271 11 219 52 270 71 39 16 391 28 459 37 300 12 382 6 397 67 111
240 22 407 31 19 33 35 18 267 93 134 18 290 97 471 96 445 99 166 67 281 46 83 57 405 96 242 51 363 38 233 53 372 74 189 20 188 20 494 2 471 42 275 51 93 41 330
241 22 265 76 2 72 479 68 256 71 177 10 5 87 5 76 418 11 7 94 458 83 271 23 462 68 125 17 293 27 342 32 53 78 233 22 431 44 415 5 233 32 158 45 295 87 81
242 22 263 86 388 88 90 76 181 90 185 52 359 45 282 65 232 69 276 44 348 31 132 28 278 81 112 75 463 38 9 17 56 64 7 13 372 97 361 22 49 70 339 6 382 63 114
243 22 224 90 493 88 202 59 232 39 146 82 382 74 423 43 375 81 184 11 31 38 21 95 242 73 257 79 101 83 494 69 195 53 174 4 376 41 486 54 33 88 405 41 175 21 313
244 22 437 33 156 40 157 47 186 66 23 93 457 5 354 70 300 57 66 12 167 11 249 9 465 15 74 85 68 94 78 26 270 61 322 69 55 83 144 24 438 14 335 67 432 14 303
245 22 734 48 2 12 32 88 392 53 414 54 480 25 182 50 479 13 246 81 76 68 95 53 43 14 213 39 311 47 102 52 424 37 55 99 206 77 60 53 69 12 452 22 135 78 46
246 22 141 13 206 68 147 21 394 2 420 53 491 4 355 59 464 95 253 31 198 89 457 57 218 53 83 82 207 67 494 39 120 70 438 38 480 73 62 75 2 61 377 42 434 62 96
247 22 759 41 151 62 241 97 313 11 235 90 27 31 2 56 157 70 486 46 309 46 358 46 363 99 290 65 95 60 490 60 303 94 313 76 29 87 45 24 468 25 23 23 142 23 30
248 22 888 54 31 49 107 60 438 44 3 83 222 60 334 93 377 16 104 65 427 64 497 37 450 87 61 74 44 46 219 60 69 67 55 84 463 28 467 55 475 26 486 99 424 78 16
249 22 716 11 347 22 403 57 194 4 134 87 122 82 19 67 418 83 344 46 298 28 253 32 416 24 458 84 499 64 432 7 250 6 118 58 292 10 455 96 491 41 120 59 61 3 76
250 22 131 57 454 84 143 72 223 8 37 43 389 35 220 31 29 70 156 6 48 84 439 60 458 81 498 64 411 19 71 38 212 61 75 2 143 86 212 87 324 11 434 81 101 67 124
251 22 540 16 432 57 57 72 336 32 169 49 57 81 159 2 281 36 225 44 207 25 162 96 216 44 267 89 301 6 76 5 299 49 144 46 384 54 248 2 223 27 77 22 57 7 252
252 22 1067 32 262 16 73 76 227 31 151 5 278 4 280 75 31 45 153 44 47 33 488 22 49 57 168 10 67 55 440 9 129 29 1 2 16 83 345 96 200 85 69 43 147 1 472
253 22 1056 48 148 43 470 32 102 69 32 47 360 55 35 44 90 19 49 38 205 71 326 89 261 77 2 63 348 83 22 54 84 64 467 30 47 87 311 40 62 64 216 67 23 14 455
254 22 400 85 345 66 129 1 191 15 353 87 268 66 390 55 220 53 209 95 421 23 236 94 171 82 275 46 10 41 128 94 336 64 265 2 193 15 342 9 64 8 232 58 76 35 30
255 22 601 94 399 95 449 18 76 3 61 75 354 6 22 84 84 35 104 54 493 27 168 14 323 44 255 97 492 54 297 67 432 29 306 47 126 27 283 69 320 14 19 10 299 82 46
256 22 251 36 124 23 385 18 54 65 379 59 65 83 427 55 208 7 481 34 220 34 29 6 149 94 475 24 342 14 384 3 310 99 475 43 418 86 197 2 88 36 445 76 128 40 74
257 22 1132 55 367 54 134 43 135 14 244 4 188 61 20 8 219 67 70 17 71 67 479 98 203 9 65 85 489 17 228 84 341 10 316 55 260 2 258 47 473 30 377 39 260 19 161
258 22 937 46 366 51 487 86 369 63 260 41 237 70 254 53 135 96 229 24 187 40 20 98 363 52 322 55 448 99 189 82 355 63 498 9 409 18 268 55 189 48 244 84 67 36 469
259 22 79 2 169 75 24 69 336 92 264 8 152 82 262 47 72 67 388 3 117 27 495 42 62 91 309 16 10 84 188 7 84 45 163 5 9 19 271 85 486 40 270 64 477 11 395
260 22 880 30 141 48 447 62 140 38 426 87 94 33 403 47 366 47 349 52 437 77 44 70 436 98 394 14 358 21 318 1 99 88 356 31 136 75 66 35 156 72 199 98 479 13 44
261 22 423 45 63 95 194 15 166 66 491 23 432 7 459 14 265 86 246 47 458 17 206 63 46 83 225 96 40 64 88 79 323 28 198 14 29 78 39 52 160 57 481 77 297 51 178
262 22 448 6 382 54 422 57 140 4 311 83 33 58 273 7 260 61 366 10 297 26 424 32 490 39 118 98 463 81 466 68 147 80 346 69 10 67 252 90 465 56 176 24 198 40 392
263 22 501 3 214 11 390 98 165 11 499 12 30 78 218 88 456 33 165 75 488 69 423 2 301 83 285 95 123 89 11 44 106 24 109 47 225 53 225 96 303 77 473 8 68 78 310
264 22 356 14 167 57 124 95 310 51 342 25 477 46 9 31 225 6 391 63 148 80 440 10 49 5 480 48 217 72 271 70 352 14 335 41 395 80 45 7 482 68 185 52 276 5 166
265 22 920 3 297 97 414 20 153 20 67 33 63 54 233 58 432 96 300 73 10 68 104 89 486 77 237 35 482 59 439 11 81 3 112 66 165 20 87 86 240 52 203 4 319 12 484
266 22 168 24 490 34 147 84 101 74 427 9 14 82 457 31 188 51 13 85 265 31 479 54 485 94 169 80 378 28 261 41 469 69 155 30 136 45 413 52 193 67 97 65 197 14 148
267 22 152 98 38 71 289 27 445 34 273 81 204 14 422 93 14 30 218 27 5 33 289 7 453 71 468 9 205 46 272 61 4 4 381 64 182 19 292 5 285 39 411 47 63 37 410
268 22 509 30 63 79 257 29 214 34 36 66 286 51 101 56 429 1 213 54 301 63 372 49 350 57 416 84 52 4 198 80 375 5 326 74 10 76 40 56 444 48 205 20 287 76 323
269 22 625 88 243 84 160 51 283 69 330 16 14 4 491 88 90 78 382 79 109 59 258 99 96 34 29 52 442 48 250 66 216 7 103 32 9 25 405 92 415 20 119 72 476 14 401
270 22 557 57 184 90 151 84 373 56 320 21 73 39 283 50 348 90 142 44 355 92 207 3 448 3 467 1 436 41 447 24 141 33 134 66 169 58 100 38 204 63 173 3 217 84 257
271 22 889 20 294 84 56 73 36 7 442 62 202 59 171 99 395 96 419 21 36 13 251 52 237 22 40 4 320 58 291 91 258 4 206 70 274 74 399 55 372 44 456 11 210 40 409
272 22 1029 77 373 24 248 86 22 18 242 3 97 3 333 58 386 45 361 11 156 57 1 32 446 21 354 30 258 70 119 73 294 31 10 61 388 40 289 75 131 82 293 74 474 50 272
273 22 1065 73 419 26 436 38 53 69 111 87 171 28 25 1 310 18 427 21 44 19 214 29 414 71 313 73 453 61 288 16 315 59 203 46 260 13 46 49 171 76 422 35 358 46 322
274 22 754 24 46 24 185 98 296 76 207 96 230 64 395 28 283 90 166 26 419 17 57 33 21 38 164 26 235 71 143 67 343 23 45 43 461 76 1 73 145 52 223 37 382 68 161
275 22 480 61 177 46 312 35 1 2 51 49 388 99 152 25 309 66 378 63 31 26 123 72 244 76 157 54 168 3 13 91 209 61 87 61 124 8 482 4 396 28 318 7 144 21 370
276 22 827 84 109 9 14 23 306 98 157 39 66 82 413 46 353 53 434 23 461 21 404 14 152 64 348 72 171 3 370 20 435 11 468 48 389 10 490 34 158 47 385 79 350 85 314
277 22 532 4 432 20 404 58 381 60 163 6 362 71 195 31 125 27 340 27 345 64 429 65 115 97 421 7 268 92 210 89 292 27 39 75 5 68 95 84 234 3 399 20 29 65 372
278 22 936 14 323 1 497 95 464 87 425 80 68 90 101 32 385 20 238 36 392 45 23 69 171 85 253 66 457 46 309 15 170 26 284 4 153 66 232 51 455 67 223 6 385 37 486
279 22 258 59 469 69 482 32 435 52 281 20 252 23 69 78 213 81 232 98 312 28 58 95 435 8 18 10 328 46 14 46 132 39 239 94 36 47 91 59 342 78 126 30 158 80 2
280 22 788 56 202 32 431 91 71 62 403 38 199 47 321 86 47 8 330 71 423 89 258 99 214 5 244 41 222 5 420 36 177 67 385 68 191 52 110 37 498 24 197 97 109 70 454
281 22 366 19 152 52 165 83 140 55 416 57 287 24 413 34 30 54 227 81 260 95 374 46 426 24 301 78 453 90 386 97 158 33 181 92 64 24 330 89 142 41 84 56 218 66 332
282 22 76 77 482 48 131 63 76 47 176 59 449 59 153 82 89 44 74 39 15 47 89 40 94 54 325 21 476 69 50 71 233 11 421 2 169 17 26 61 49 70 314 43 64 25 461
283 22 976 52 250 51 151 34 281 21 304 97 103 70 468 62 261 99 9 45 40 37 95 30 324 69 163 90 260 44 389 96 257 90 447 42 307 29 203 51 313 13 118 39 254 97 192
284 22 254 41 252 84 101 1 138 27 264 26 316 94 473 17 176 28 230 6 221 50 81 53 339 37 91 96 214 59 73 36 484 59 247 82 183 50 49 41 57 89 406 32 302 22 67
285 22 870 73 181 43 417 30 184 46 162 56 100 23 63 35 4 30 497 60 36 20 338 11 82 40 124 17 169 7 24 46 342 37 386 93 11 15 432 97 30 79 376 99 28 28 37
286 22 117 85 222 26 315 63 374 42 16 89 333 72 13 33 292 28 70 4 483 69 49 42 289 12 1 76 168 12 343 88 99 21 300 83 236 25 214 23 446 50 431 91 131 28 357
287 22 800 37 476 66 222 96 104 50 55 99 83 15 31 20 307 53 252 38 79 71 366 89 311 47 238 16 301 22 297 52 209 1 221 84 289 91 226 6 169 78 288 23 390 51 221
288 22 164 45 110 31 177 91 40 64 182 99 64 5 260 26 355 18 308 69 316 63 10 22 307 52 427 23 434 89 480 25 98 6 394 71 231 25 97 64 269 64 143 39 121 12 293
289 22 453 7 412 12 101 27 424 16 251 33 408 71 357 74 422 35 403 47 308 29 424 98 2 24 444 61 201 9 404 94 82 84 120 87 471 22 71 90 493 16 69 8 432 64 93
290 22 683 79 57 95 97 70 10 88 320 19 130 68 60 65 491 80 116 23 255 69 498 13 169 3 441 71 367 35 155 39 47 1 106 42 497 47 168 18 58 95 444 66 479 28 424
291 22 864 37 273 61 396 21 262 36 205 47 473 71 23 8 54 6 197 58 93 88 463 73 84 85 134 27 319 20 349 70 262 58 342 21 374 39 16 5 83 84 284 82 222 55 9
292 22 267 35 111 32 119 75 103 51 107 44 460 12 469 43 94 35 437 92 327 30 412 1 71 59 360 9 388 46 316 93 411 94 153 54 291 93 342 37 296 58 372 40 243 24 214
293 22 918 25 6 60 292 80 386 4 126 22 385 19 23 15 286 42 494 91 270 40 471 90 303 52 353 5 469 83 152 7 151 63 365 14 241 13 453 37 485 54 217 89 430 6 129
294 22 267 11 141 29 249 6 410 36 171 92 422 1 477 39 408 28 45 21 26 87 34 37 114 33 225 36 460 4 496 40 85 40 182 29 241 73 379 56 492 26 105 83 398 76 38
295 22 766 20 330 89 243 74 247 75 197 17 24 54 197 53 480 47 343 8 429 21 266 59 234 13 369 88 412 13 139 45 80 9 6 83 448 11 29 84 170 51 231 33 419 95 182
296 22 1008 59 149 67 265 53 207 28 211 36 342 67 10 43 193 63 391 96 202 37 280 75 461 4 103 13 42 67 178 20 347 94 242 40 421 79 275 16 248 3 21 79 128 60 353
297 22 896 96 85 36 481 63 98 30 400 24 256 8 308 34 305 33 403 39 76 44 224 95 345 93 61 57 112 58 327 31 299 75 266 23 139 29 450 57 413 35 301 19 296 36 243
298 22 663 98 407 89 415 74 338 31 390 58 480 11 424 63 90 2 458 56 479 66 477 98 482 21 136 30 44 73 38 96 213 12 313 51 323 40 335 51 449 69 339 71 282 53 170
299 22 723 72 208 25 219 58 304 34 276 80 477 50 318 93 459 76 212 11 440 24 66 72 143 37 341 28 313 3 407 29 315 46 319 97 479 17 314 68 408 90 101 88 209 81 311
300 22 1110 20 404 14 257 79 102 97 217 23 176 64 442 43 396 14 123 26 135 49 222 82 209 20 237 77 41 90 406 41 101 82 363 69 143 74 457 93 344 2 79 43 212 85 199
301 22 937 92 165 49 312 80 270 13 499 67 382 25 205 76 269 36 431 13 169 53 307 74 236 53 208 42 326 39 437 70 171 56 104 74 154 14 408 32 410 33 295 8 112 84 201
302 22 1037 82 37 24 53 6 50 38 21 74 410 73 214 50 86 27 199 14 455 71 318 71 494 80 167 57 146 42 335 88 206 7 109 65 465 39 219 46 403 70 200 43 192 75 424
303 22 699 54 147 17 272 7 279 84 55 51 495 21 262 28 44 28 297 19 319 1 126 16 314 36 115 96 397 62 318 2 248 54 374 91 467 83 105 77 21 87 488 93 372 83 98
304 22 746 38 101 52 49 64 387 55 338 56 455 57 242 86 281 61 139 82 122 7 331 13 252 96 30 99 110 49 407 11 395 85 318 53 210 78 315 45 123 80 380 96 74 56 337
305 22 892 99 258 8 257 55 116 90 69 48 355 68 205 87 83 72 175 38 303 98 336 1 345 32 147 98 100 33 161 72 233 60 499 10 469 24 260 99 441 29 230 41 39 34 56
306 22 271 22 179 88 290 30 225 90 278 51 346 11 301 8 45 80 371 25 483 38 183 73 499 38 280 4 275 53 481 16 405 26 19 55 176 18 75 74 119 2 169 90 331 42 73
307 22 356 74 169 13 173 61 284 55 375 46 497 41 218 6 323 70 181 70 263 31 333 38 356 2 373 8 109 52 348 7 7 90 138 93 408 48 377 25 367 6 64 80 14 89 201
308 22 217 36 86 33 186 84 235 79 106 64 472 76 290 73 260 19 379 37 446 88 249 1 378 86 232 23 105 41 142 81 437 61 243 81 248 12 244 52 88 77 454 57 174 94 184
309 22 402 84 358 66 309 88 87 77 486 49 145 47 494 87 216 70 12 31 466 82 385 51 79 88 2 19 499 16 364 4 477 28 324 18 237 29 367 16 214 3 63 60 341 22 74
310 22 101 8 95 57 252 65 442 82 138 99 373 34 128 27 461 35 191 98 332 84 376 93 203 58 56 82 131 27 21 98 450 32 303 34 301 62 473 83 69 88 293 58 464 93 161
311 22 1042 73 394 24 408 10 499 34 342 1 288 32 269 77 13 37 471 12 193 89 418 71 458 87 52 45 374 83 72 89 206 24 219 29 342 58 314 34 18 9 221 35 183 36 158
312 22 345 80 119 94 440 18 129 61 403 56 15 42 362 57 488 62 288 12 305 95 23 22 493 56 356 33 89 2 210 47 75 9 461 83 302 8 109 16 250 50 471 42 231 60 90
313 22 833 32 65 15 163 36 54 70 214 29 236 66 70 33 453 34 182 12 130 6 473 30 464 58 92 78 314 35 234 46 440 68 68 78 40 41 225 92 235 38 84 99 107 96 452
314 22 671 35 144 32 481 68 13 43 409 35 435 33 268 37 283 31 226 78 21 17 288 85 52 49 437 99 399 11 472 50 289 37 153 53 296 37 497 21 429 99 194 42 349 84 131
315 22 231 78 387 43 112 72 157 95 123 56 314 38 205 1 150 45 37 3 24 42 83 79 418 92 268 93 1 49 376 43 223 89 425 49 300 16 373 72 388 71 392 4 479 44 238
316 22 855 13 496 71 135 42 173 29 305 29 452 98 111 59 231 33 145 26 377 27 97 58 390 5 41 78 72 68 206 82 324 38 376 42 435 8 479 23 123 42 31 25 365 7 316
317 22 286 14 46 41 456 52 210 34 278 99 120 62 7 15 369 28 278 83 30 9 469 14 299 16 19 97 61 96 76 60 473 69 290 90 70 67 434 82 303 91 186 75 34 24 245
318 22 223 13 287 9 336 5 108 27 439 10 47 62 449 67 91 6 476 57 103 73 381 58 330 73 388 57 128 23 476 36 52 19 85 43 216 62 64 94 243 18 404 95 364 28 18
319 22 235 8 247 9 174 81 218 63 42 22 104 96 186 82 83 18 207 37 213 29 477 22 196 45 64 83 93 94 371 2 281 5 497 90 384 24 396 55 441 19 19 78 58 39 22
320 22 684 12 227 52 251 28 438 21 388 75 257 73 455 8 150 83 178 64 48 86 355 22 172 24 139 43 289 65 423 10 443 87 82 17 247 68 21 72 451 79 466 45 215 38 127
321 22 544 45 296 76 65 30 388 76 492 60 70 74 208 28 388 48 43 27 253 34 389 28 406 43 493 95 147 28 113 67 287 62 419 68 297 52 270 43 279 17 391 11 46 74 289
322 22 518 46 193 11 331 12 353 55 330 16 87 41 229 97 58 22 185 19 1 25 59 50 170 97 148 4 294 91 37 10 289 34 178 91 195 29 66 15 252 48 100 87 421 34 347
323 22 70 87 295 7 377 38 293 91 262 72 371 39 265 6 458 89 66 90 78 30 242 45 248 23 253 92 186 38 194 73 48 97 103 28 472 61 455 30 7 41 476 55 12 59 397
324 22 738 9 50 65 324 73 56 70 276 68 257 63 77 74 387 33 43 80 411 2 382 23 8 52 326 4 313 1 251 29 392 23 440 96 284 64 49 20 237 60 90 83 493 66 187
325 22 977 40 355 47 334 21 395 52 36 1 82 30 180 74 394 58 135 47 148 25 499 32 101 76 387 58 199 84 8 95 386 62 360 23 155 66 61 39 429 7 455 18 268 15 224
326 22 802 81 120 45 130 92 145 42 118 44 341 18 40 33 95 18 6 55 221 88 454 28 378 6 403 25 375 58 245 65 17 30 273 57 405 24 387 31 498 71 6 68 164 85 117
327 22 512 71 53 11 333 27 469 80 392 56 40 74 77 25 371 31 14 20 269 1 191 49 108 55 46 14 289 44 144 79 424 77 299 87 100 69 213 42 204 32 485 9 37 44 72
328 22 584 1 14 24 214 85 350 66 245 99 337 72 409 93 415 89 170 2 278 95 45 79 58 10 372 27 385 8 192 37 171 93 135 21 46 36 497 49 342 81 206 65 201 1 12
329 22 184 61 287 65 249 36 66 91 300 76 401 78 184 30 43 66 256 45 181 15 372 37 218 17 74 98 13 59 439 39 246 97 483 99 356 42 52 22 358 21 448 95 319 30 74
330 22 287 40 169 95 155 25 177 42 480 16 37 12 76 85 353 26 407 42 33 63 445 73 429 27 416 7 194 31 275 78 205 27 331 63 418 54 57 70 185 13 188 24 199 66 143
331 22 785 4 202 66 419 47 424 97 131 77 472 3 351 12 413 28 61 44 72 87 186 39 461 59 417 30 10 32 354 76 257 21 78 99 353 45 310 47 223 98 422 4 360 99 468
332 22 585 93 89 18 253 89 240 29 326 87 207 92 491 51 363 81 72 28 471 91 55 18 407 13 9 15 92 5 159 1 65 97 116 12 234 51 315 36 72 73 335 94 289 50 467
333 22 127 76 104 67 435 20 142 13 165 35 6 1 129 46 98 91 292 26 89 77 293 19 165 49 214 27 141 87 450 67 187 74 322 96 354 2 299 39 133 78 467 93 409 83 467
334 22 916 30 230 7 362 16 135 44 254 6 51 7 227 3 174 84 280 90 458 46 102 22 205 5 68 65 381 82 31 81 174 68 286 21 154 44 130 86 387 16 222 50 387 11 352
335 22 761 40 393 99 318 40 11 32 332 46 8 8 51 7 97 73 358 12 414 7 472 76 27 64 217 79 157 22 256 17 95 94 2 69 2 42 254 47 84 89 426 43 165 50 113
336 22 510 5 334 88 37 46 20 4 71 91 140 52 78 39 280 1 111 98 302 78 273 91 177 7 58 51 102 26 322 69 276 27 450 35 436 30 34 6 339 2 297 82 150 71 94
337 22 602 75 401 24 142 9 329 95 90 1 491 19 61 4 278 32 372 19 101 21 173 57 329 78 44 5 400 94 393 49 454 58 207 36 240 63 97 6 143 88 212 78 72 47 467
338 22 624 72 398 81 145 98 188 64 150 54 220 69 27 18 161 96 118 99 162 41 366 14 157 37 206 57 357 68 416 58 25 4 230 61 484 16 56 29 303 97 79 23 266 65 443
339 22 662 49 412 56 358 79 346 46 227 31 92 68 479 51 390 27 418 99 423 98 499 53 135 49 493 90 142 29 217 43 103 85 52 8 180 86 126 96 131 77 46 6 339 52 211
340 22 575 65 280 56 177 57 78 68 388 60 120 33 369 24 225 55 158 30 349 42 255 63 326 99 91 72 260 94 163 8 140 24 332 40 227 4 183 49 484 87 424 87 244 59 72
341 22 560 5 87 53 107 37 327 81 345 27 209 3 275 91 416 54 323 39 104 89 33 74 486 6 498 98 497 83 220 22 126 44 149 2 92 96 326 15 291 76 240 51 169 28 431
342 22 961 21 342 27 78 87 67 55 290 68 239 96 161 68 460 20 255 80 398 21 178 97 317 35 421 75 362 46 262 78 240 15 90 24 28 97 103 51 107 88 386 30 444 41 161
343 22 672 19 257 70 92 98 84 53 369 38 93 46 477 82 362 60 393 34 76 33 497 35 14 62 367 42 71 64 440 62 418 54 49 44 369 76 252 7 408 67 137 78 267 83 6
344 22 279 56 379 69 132 62 179 83 320 68 453 67 274 64 304 51 137 91 415 71 468 76 301 22 273 5 89 73 499 48 395 51 80 9 49 46 488 9 362 21 71 10 392 92 264
345 22 501 59 454 53 299 35 490 86 457 77 268 36 414 36 115 33 267 55 176 39 42 83 29 81 392 15 359 16 239 53 210 84 212 35 54 87 216 89 207 4 307 76 321 3 204
346 22 790 9 237 86 298 86 216 68 125 65 256 66 329 52 92 3 18 12 294 42 344 85 485 11 465 56 101 2 221 69 415 35 333 55 348 94 299 40 92 19 111 95 58 54 465
347 22 281 80 116 55 314 34 244 93 51 20 280 80 68 58 310 75 497 97 265 91 187 55 321 57 408 34 361 99 9 5 354 2 416 33 143 97 179 41 479 51 290 96 159 3 299
348 22 654 3 16 13 428 88 33 79 151 54 159 30 34 17 202 20 54 11 485 37 179 47 394 16 326 94 314 85 489 35 230 87 388 30 193 67 169 78 251 5 11 58 45 45 342
349 22 276 67 141 61 422 74 443 72 168 79 436 21 244 50 170 59 326 83 360 80 17 30 158 35 476 35 226 68 267 66 358 50 367 79 171 7 77 80 274 20 104 52 434 82 49
350 22 696 16 242 93 78 92 111 16 14 2 322 63 354 69 72 17 437 89 283 88 362 68 28 60 278 77 361 27 5 58 411 88 162 2 274 51 426 15 363 53 274 98 299 11 149
351 22 398 90 147 13 281 33 116 17 227 70 349 60 141 67 50 5 456 98 208 93 209 14 97 95 45 45 94 29 491 97 289 49 316 81 267 19 65 62 176 69 127 38 490 59 399
352 22 530 83 423 47 376 50 429 97 196 8 149 19 475 40 18 73 169 86 22 78 100 24 289 57 109 80 320 32 24 41 388 51 171 76 234 3 264 51 384 14 221 59 68 71 399
353 22 182 48 249 99 342 80 464 83 498 2 38 82 452 23 131 37 190 86 283 27 31 41 47 17 120 13 257 26 485 36 77 91 209 84 429 30 344 90 147 51 299 74 95 45 468
354 22 639 82 138 75 34 57 86 52 190 60 122 2 310 30 355 83 229 12 301 33 163 99 439 49 168 92 176 82 249 63 410 98 85 13 223 37 375 68 396 40 262 97 433 65 23
355 22 233 75 378 64 178 38 437 66 57 89 180 91 69 30 83 65 251 62 469 84 483 87 17 68 435 11 446 72 490 69 278 17 98 34 120 97 19 10 183 28 96 73 185 87 188
356 22 612 57 175 54 112 83 2 96 210 27 365 51 403 69 265 37 258 19 108 85 472 35 491 43 245 14 299 86 189 53 220 78 409 62 398 69 9 57 467 99 149 93 179 73 84
357 22 1023 43 473 78 171 4 109 87 214 89 377 60 202 28 99 94 350 93 477 64 21 64 252 73 73 68 188 2 55 35 188 75 36 52 181 99 135 38 372 71 360 46 210 31 318
358 22 966 59 271 49 47 67 250 19 408 59 497 76 414 57 172 88 167 92 222 96 490 66 290 51 109 73 385 86 76 73 473 58 321 73 230 12 73 89 84 89 367 73 146 82 70
359 22 620 61 290 80 416 77 25 62 88 58 26 40 330 29 305 96 335 33 212 70 433 85 120 69 10 68 415 84 399 16 235 18 423 99 175 48 494 72 272 8 121 96 292 28 84
360 22 990 76 260 1 221 93 74 22 388 2 63 77 361 69 184 24 265 89 282 89 165 70 290 18 290 3 9 21 61 10 481 35 356 68 251 45 489 2 172 36 463 43 415 63 320
361 22 937 16 37 27 488 40 252 14 272 28 141 35 70 57 291 24 74 16 355 63 405 2 407 71 244 50 310 28 491 70 91 70 191 28 79 83 332 45 482 51 405 80 495 54 360
362 22 361 17 408 32 326 2 342 82 150 21 341 76 283 72 88 46 414 23 156 99 209 36 26 64 206 10 3 41 299 97 277 64 253 58 417 63 440 48 400 22 248 84 466 41 175
363 22 626 28 240 53 483 58 76 76 195 64 310 58 26 60 482 48 134 51 291 11 101 43 224 89 450 49 168 96 57 33 228 46 7 88 198 24 423 44 420 24 198 71 472 37 429
364 22 1058 85 240 46 461 3 475 62 243 30 209 23 469 96 403 7 467 41 386 76 474 21 287 81 42 65 70 17 148 51 248 14 169 29 140 34 272 70 127 22 379 42 82 24 292
365 22 590 22 97 38 273 6 8 54 233 52 453 98 134 74 489 91 433 81 13 49 253 25 471 6 287 73 143 30 203 38 75 47 479 42 358 24 409 60 156 26 212 26 486 15 493
366 22 905 15 9 23 30 24 434 97 350 87 368 19 458 9 236 28 250 77 80 73 417 27 63 47 116 34 406 71 326 15 97 75 401 24 89 7 434 85 487 23 471 66 121 20 492
367 22 967 83 289 33 102 29 131 10 285 48 247 84 373 74 309 47 477 73 455 39 262 30 27 47 130 72 235 58 255 71 222 68 488 44 389 63 215 7 297 71 494 95 353 15 88
368 22 401 78 169 87 483 84 123 89 346 35 55 60 389 29 249 48 318 80 285 38 361 19 126 66 482 81 379 34 426 14 88 77 331 52 479 70 241 3 50 49 226 3 257 90 119
369 22 886 37 91 74 357 62 354 92 32 73 378 91 172 89 47 1 128 54 495 77 328 90 383 86 72 25 217 98 322 67 235 75 395 74 444 20 329 91 150 95 145 85 216 80 310
370 22 172 56 484 59 33 72 496 40 370 25 202 82 311 6 200 3 262 86 84 32 341 58 359 1 314 17 430 57 220 29 407 96 113 65 195 24 297 75 119 29 485 79 231 78 244
371 22 625 11 86 14 385 83 100 41 72 60 453 20 237 70 299 94 279 12 443 47 413 27 288 41 135 49 53 3 276 80 165 3 247 11 122 21 460 43 187 20 195 21 409 9 82
372 22 912 9 267 54 76 71 233 10 199 71 327 32 290 79 251 51 33 36 112 45 153 10 470 11 300 19 409 78 461 3 36 99 260 58 300 32 7 4 234 41 14 15 118 33 393
373 22 365 54 369 29 307 84 280 47 99 56 49 31 382 39 416 87 409 70 33 2 427 21 81 67 25 41 359 4 84 93 244 73 145 77 201 53 238 70 441 80 296 65 217 13 380
374 22 386 16 313 10 435 5 414 32 492 78 417 52 54 68 154 13 120 81 223 76 382 36 186 44 497 22 209 51 461 25 489 62 119 9 352 18 401 20 172 93 182 83 21 1 158
375 22 1149 73 207 77 133 72 333 76 253 80 110 73 432 23 306 42 298 62 238 82 209 51 415 31 378 19 404 1 254 34 65 1 469 55 354 80 136 27 168 81 479 44 272 44 78
376 22 1074 24 384 69 175 5 162 5 64 14 264 33 212 27 474 82 456 23 64 93 112 88 364 14 122 19 462 36 375 58 154 88 457 30 148 3 278 93 12 81 346 86 160 96 492
377 22 1121 33 216 3 48 72 284 86 62 2 206 54 442 88 378 2 25 47 357 77 303 78 393 92 410 40 229 46 229 94 355 5 201 4 296 85 446 31 436 54 257 93 482 88 419
378 22 728 59 398 22 232 56 287 3 174 31 492 32 319 20 249 39 317 14 66 32 108 64 304 95 171 32 177 62 61 55 401 7 488 93 490 95 315 28 415 57 403 6 131 3 181
379 22 827 40 443 79 73 6 138 75 375 80 318 69 195 20 91 15 105 5 443 10 83 14 174 28 103 47 83 44 35 82 127 7 281 61 346 27 484 84 441 21 393 90 119 5 65
380 22 1079 25 41 80 324 36 46 7 348 3 456 44 341 12 394 35 446 19 394 85 57 41 6 7 91 43 328 52 326 87 416 14 454 57 90 71 401 49 255 30 421 31 94 60 351
381 22 1127 2 141 76 302 92 8 95 355 67 8 92 469 27 84 67 477 10 306 22 260 11 431 27 24 31 314 81 171 58 73 67 375 89 200 37 100 97 364 86 326 61 400 31 398
382 22 1015 75 209 70 55 75 274 12 339 54 164 16 342 31 28 52 11 69 119 77 82 86 284 24 57 60 424 85 204 58 403 20 290 10 310 29 469 54 224 57 377 56 49 63 18
383 22 1086 15 91 89 46 4 64 59 259 20 237 28 243 61 79 66 99 22 24 81 129 61 33 22 270 91 185 9 152 23 440 13 129 19 274 3 364 65 477 37 309 11 28 50 499
384 22 911 16 108 67 496 40 404 91 386 27 375 60 124 14 430 90 114 18 306 98 115 11 87 38 261 37 70 68 96 61 355 34 47 49 250 96 294 77 358 38 298 59 463 51 437
385 22 703 15 192 32 319 76 368 67 451 98 38 3 374 83 272 79 360 83 136 51 399 65 328 45 218 55 158 55 225 5 346 68 465 45 253 90 351 91 27 84 229 47 103 70 86
386 22 636 11 94 26 97 89 310 75 263 67 422 26 233 74 331 34 169 80 368 79 152 78 469 74 188 60 460 78 255 97 493 37 157 51 475 7 221 32 208 15 445 37 228 92 445
387 22 514 19 68 54 287 85 347 86 233 98 465 4 289 16 375 99 369 35 398 54 284 86 342 99 309 78 336 28 286 63 449 86 344 41 199 30 241 46 356 82 420 24 147 73 450
388 22 694 49 418 43 448 44 240 18 187 49 46 73 215 66 377 24 182 72 49 12 288 51 63 79 77 16 223 38 118 29 38 49 86 13 302 23 300 34 104 87 189 94 296 17 280
389 22 161 60 333 26 306 23 468 82 55 88 68 76 342 31 271 6 221 87 424 95 247 81 264 57 390 17 173 21 338 38 77 52 143 84 339 18 268 34 54 9 332 40 100 59 90
390 22 678 25 300 93 441 63 308 25 177 99 188 56 21 61 496 59 326 46 291 89 413 94 358 24 176 27 260 38 150 77 327 91 241 26 364 34 200 84 21 32 393 31 417 92 467
391 22 1143 44 101 30 103 43 344 18 232 97 253 68 291 92 359 21 414 20 275 15 254 74 204 88 64 92 271 57 302 22 174 89 258 7 323 83 282 77 474 41 297 5 209 79 345
392 22 188 30 353 54 374 38 95 92 10 35 416 82 190 19 337 43 299 78 89 36 244 58 492 58 279 55 132 16 372 81 484 80 1 70 319 85 365 34 187 31 438 51 151 70 462
393 22 106 4 323 56 39 57 296 55 474 35 146 50 79 96 137 86 58 99 322 67 83 45 324 33 356 24 323 28 427 39 276 37 302 59 426 75 471 66 472 19 418 42 291 60 53
394 22 552 84 100 39 437 12 151 41 315 93 62 56 300 35 489 2 162 65 86 15 310 75 222 92 330 22 318 4 313 98 178 81 256 11 483 3 62 63 188 30 254 96 278 27 87
395 22 457 75 283 13 450 6 181 39 15 28 12 73 450 98 89 24 325 57 227 52 370 64 63 4 222 20 396 33 68 75 279 63 146 80 145 40 404 7 12 42 272 65 76 10 188
396 22 828 87 198 87 350 68 287 18 184 80 391 74 185 5 221 77 55 8 336 34 5 69 149 57 149 58 218 34 320 89 96 80 283 15 103 84 72 98 304 89 290 11 203 2 91
397 22 507 86 455 8 386 95 5 23 177 26 402 35 73 60 49 76 227 15 193 28 210 7 441 94 238 17 369 48 427 86 338 59 34 23 360 57 390 63 246 47 175 69 234 29 389
398 22 584 85 372 66 302 23 91 84 184 23 330 3 172 52 235 75 192 7 457 22 86 38 226 40 305 3 242 25 312 85 202 48 67 92 212 67 31 60 40 70 223 71 135 44 428
399 22 322 38 246 42 385 28 272 51 34 7 374 38 255 71 171 33 141 25 396 25 159 75 200 98 80 40 419 13 155 91 455 91 10 5 128 75 50 93 302 25 191 34 186 75 344
400 22 494 66 494 91 2 92 444 81 159 19 399 40 66 31 101 26 219 63 453 37 137 8 46 28 436 98 385 94 287 66 193 92 310 64 49 63 244 50 238 57 104 38 245 91 160
401 22 365 46 97 57 240 49 125 39 236 16 3 92 23 56 316 32 202 62 403 59 307 63 301 78 282 15 104 95 13 15 276 79 118 96 482 73 298 47 443 41 458 24 424 26 404
402 22 195 36 392 38 452 50 216 67 117 72 482 54 438 50 152 73 292 12 382 74 389 40 60 3 276 3 113 25 212 90 181 51 228 50 286 58 363 86 74 92 386 86 108 82 165
403 22 669 74 434 93 51 9 274 30 71 82 269 11 68 24 489 50 140 67 486 65 475 14 8 21 103 29 362 16 126 47 12 29 336 5 317 22 55 36 356 31 467 60 79 32 435
404 22 585 60 3 36 230 70 69 33 235 8 130 90 280 33 135 77 437 51 57 91 94 55 419 10 69 17 370 46 320 83 415 68 391 28 327 79 5 7 17 90 114 42 228 3 319
405 22 633 94 233 87 72 35 486 44 173 25 264 71 147 49 432 72 136 14 303 79 109 95 300 84 427 14 460 35 245 90 362 14 182 63 304 28 18 93 167 69 498 52 467 50 337
406 22 75 85 174 12 251 41 234 99 237 54 248 84 458 19 315 13 357 30 362 82 72 44 155 66 141 35 315 98 181 92 155 20 410 55 53 78 111 35 372 83 73 16 475 2 287
407 22 343 65 379 37 323 92 294 43 328 27 266 43 393 21 120 52 261 43 110 81 160 74 212 59 110 43 179 29 341 72 175 12 329 24 353 69 219 47 179 49 130 64 383 54 433
408 22 1009 34 494 94 410 86 70 36 460 43 491 29 336 21 362 96 248 32 185 22 141 50 458 76 285 47 81 94 427 50 80 47 237 45 111 99 178 7 91 17 68 69 231 88 128
409 22 578 8 105 2 282 13 46 1 261 18 66 39 49 9 53 43 479 46 328 96 50 60 107 40 340 27 87 36 438 16 209 96 271 48 152 55 128 40 249 54 90 77 69 58 166
410 22 798 34 437 6 314 48 255 39 40 95 398 60 262 67 414 30 456 40 244 52 474 76 5 65 110 53 392 71 302 73 458 68 444 33 56 6 477 28 202 50 370 58 14 57 370
411 22 855 38 113 81 315 25 88 23 241 27 154 47 171 18 490 10 432 94 301 89 52 60 102 91 60 62 141 6 310 26 332 8 243 1 159 27 262 71 275 72 312 57 419 51 330
412 22 833 52 18 81 418 92 5 23 287 33 412 28 221 74 77 10 322 74 1 19 382 71 343 2 318 83 381 37 375 45 60 9 88 94 305 98 51 91 244 51 341 99 315 13 307
413 22 244 59 496 5 399 31 51 37 97 5 64 17 30 58 478 95 303 83 93 73 463 33 83 15 87 56 413 45 343 50 216 3 304 19 156 12 63 65 184 8 115 6 44 42 229
414 22 629 10 231 37 248 89 326 79 68 87 497 65 161 31 425 62 465 97 458 11 261 7 176 76 489 64 297 70 478 25 87 60 439 59 310 41 490 69 416 90 265 64 481 78 354
415 22 801 53 313 72 162 48 231 8 229 94 337 51 198 49 443 23 339 48 439 33 163 58 89 26 269 63 62 35 207 54 178 46 2 16 395 16 287 1 351 99 38 54 494 67 489
416 22 135 72 321 44 390 42 469 36 333 68 36 94 208 84 75 72 430 44 268 91 443 25 370 84 270 25 48 36 461 73 148 9 351 47 488 6 86 92 216 57 14 33 155 98 408
417 22 614 68 75 20 114 87 423 9 352 12 488 41 489 9 210 4 388 93 408 44 453 3 263 76 331 91 165 62 267 53 435 35 319 82 349 64 248 75 456 33 437 1 287 39 328
418 22 180 35 99 58 290 28 221 28 43 34 179 44 472 79 18 55 224 93 89 8 82 40 9 4 31 19 436 13 66 45 43 4 353 32 350 29 442 95 154 25 459 22 356 45 161
419 22 459 37 476 76 306 91 329 3 131 3 197 23 58 45 101 83 397 69 396 16 17 69 489 25 29 84 161 83 67 2 203 2 49 52 163 15 269 82 87 62 252 91 371 25 28
420 22 629 7 426 10 393 99 201 3 157 22 107 62 201 8 4 60 250 65 246 43 27 88 228 89 452 46 177 24 280 26 117 14 4 71 208 75 255 43 60 13 20 71 220 1 406
421 22 111 87 183 11 226 90 442 5 19 72 226 93 339 62 473 46 68 53 91 5 45 3 336 41 222 56 1 72 61 35 263 36 168 77 423 74 201 51 71 68 4 30 57 45 365
422 22 290 89 171 40 390 1 235 71 105 58 298 43 75 84 265 9 494 63 110 52 123 44 430 40 320 66 354 77 260 75 118 57 162 97 212 5 325 59 253 11 332 4 306 50 177
423 22 607 20 195 10 366 39 423 27 47 93 472 1 482 38 176 56 130 96 132 42 108 26 190 18 287 74 318 11 442 62 137 26 455 45 340 38 13 55 313 66 450 88 129 47 347
424 22 539 17 219 27 103 37 345 4 234 6 426 69 57 47 93 53 320 94 199 38 54 10 380 95 184 12 110 87 220 58 266 24 253 31 494 22 80 59 386 67 195 41 419 26 460
425 22 1140 91 166 86 306 37 110 17 215 77 443 90 222 99 441 75 226 65 497 3 64 99 155 19 181 54 396 17 98 24 23 88 210 68 216 34 214 95 288 61 54 67 367 99 334
426 22 320 81 55 15 208 93 171 10 356 42 372 62 95 15 343 35 297 17 230 5 169 15 394 79 79 11 158 76 68 62 82 47 310 82 289 70 207 24 394 76 403 89 1 29 412
427 22 880 72 21 47 299 50 479 79 333 57 167 74 348 35 474 62 386 80 241 45 167 29 429 99 38 67 202 50 214 27 281 34 65 87 58 56 280 29 324 59 183 56 95 5 178
428 22 973 53 183 64 478 50 448 1 40 26 180 1 38 14 482 65 251 28 324 19 258 47 262 54 482 80 162 95 379 27 350 29 53 17 76 97 216 27 196 1 314 88 476 9 372
429 22 1138 95 269 68 153 72 461 99 38 37 142 73 452 25 75 88 111 32 326 27 336 99 386 91 442 67 297 75 173 38 175 93 175 26 493 30 43 40 362 6 70 64 486 25 415
430 22 1006 27 408 40 225 87 421 45 11 51 154 63 96 6 138 7 396 50 150 67 395 93 190 76 8 46 161 68 208 74 220 65 443 83 389 76 280 9 384 98 135 72 423 31 371
431 22 996 1 487 69 295 85 137 61 140 18 367 80 414 29 405 89 444 30 10 13 183 5 168 4 237 95 316 50 490 7 355 48 349 81 365 36 179 42 136 16 460 89 229 50 66
432 22 226 90 169 25 208 44 281 76 426 89 5 33 167 81 127 87 360 88 488 11 478 28 103 77 141 18 193 11 478 10 167 62 487 36 317 54 349 14 268 2 456 77 431 43 470
433 22 1026 85 380 67 192 75 354 37 194 3 214 25 496 86 455 22 5 79 103 53 15 13 316 26 213 50 306 31 437 57 221 85 79 92 277 5 78 39 451 63 235 72 175 71 308
434 22 494 57 412 94 448 67 170 6 199 85 88 49 243 68 94 94 158 80 362 94 174 32 303 24 225 14 195 29 94 47 228 26 269 85 78 89 367 65 266 95 406 57 282 36 436
435 22 506 53 272 78 256 41 418 23 75 49 290 21 490 17 54 95 242 24 287 13 30 16 468 54 233 67 492 83 310 15 443 69 121 88 252 28 193 95 109 32 13 58 274 64 340
436 22 798 75 487 46 407 5 77 50 202 35 109 59 322 82 305 91 310 25 221 14 315 25 241 68 281 81 175 81 110 71 34 98 95 2 374 62 387 54 147 70 286 34 227 90 441
437 22 458 57 314 68 380 10 176 41 67 92 67 12 214 58 375 11 270 33 76 32 266 28 105 67 288 56 451 84 312 8 41 58 32 52 418 96 67 21 162 95 180 28 178 64 40
438 22 768 61 15 53 415 9 114 3 228 57 494 82 156 1 63 77 418 94 294 82 130 45 407 50 424 59 83 52 277 20 31 94 201 64 328 44 106 31 322 3 165 60 16 82 149
439 22 104 68 59 61 481 22 413 60 205 21 472 10 484 99 315 27 465 63 104 98 149 60 187 88 29 23 184 6 220 37 346 4 419 58 241 65 119 13 228 41 80 19 266 79 324
440 22 389 44 203 27 187 5 438 24 96 13 312 31 478 81 375 71 438 49 16 1 249 7 403 93 403 74 113 33 85 60 281 89 146 60 249 42 227 45 36 44 430 64 265 63 28
441 22 587 59 68 77 276 92 324 5 107 68 390 7 198 83 55 5 309 32 267 73 477 44 327 15 195 71 289 93 331 36 378 74 478 53 199 13 375 14 242 16 278 78 253 12 243
442 22 70 64 335 67 454 67 65 73 499 8 231 41 67 57 331 74 231 33 405 31 391 15 5 94 304 29 19 68 301 19 56 39 156 29 385 51 97 18 341 45 108 26 323 6 343
443 22 1014 49 100 98 75 77 323 41 152 43 241 29 189 34 491 29 246 37 483 99 484 44 380 56 348 6 411 80 300 34 248 26 50 9 227 96 260 20 301 18 179 69 22 17 336
444 22 701 17 440 55 232 73 499 25 191 64 307 1 447 47 479 57 183 57 81 13 395 75 154 8 496 31 289 49 383 23 134 48 468 68 67 62 78 68 293 87 356 79 58 94 261
445 22 78 51 266 14 168 29 249 25 52 8 116 78 256 73 416 81 277 96 54 15 375 92 435 20 326 58 222 12 326 79 250 37 211 42 310 32 8 35 207 99 467 59 89 40 292
446 22 456 68 273 2 433 54 171 41 226 59 336 69 19 32 234 56 453 13 73 71 253 10 451 91 223 81 51 62 198 33 196 20 127 70 17 41 248 2 200 71 199 50 220 58 187
447 22 924 34 368 17 351 15 351 54 4 58 204 99 72 16 152 67 329 67 219 6 263 97 421 77 350 47 406 34 204 66 178 74 438 27 273 22 349 3 204 9 58 71 34 90 234
448 22 270 28 67 92 11 55 278 97 495 85 358 11 40 66 182 92 461 64 236 83 467 66 160 47 402 65 391 78 113 39 448 85 315 92 270 67 448 93 11 9 437 72 353 22 486
449 22 983 52 370 8 81 55 231 32 352 26 169 99 215 65 286 78 95 14 390 41 381 22 143 1 323 10 453 92 447 29 123 80 383 48 321 78 394 42 83 55 163 28 386 38 120
450 22 531 43 199 29 267 22 101 27 319 43 422 50 385 27 371 33 77 99 20 22 220 70 61 74 142 60 64 74 70 75 485 59 267 65 253 59 426 82 294 32 414 58 41 11 91
451 22 813 39 286 94 441 14 175 85 450 96 243 70 448 47 344 27 171 18 64 16 495 9 44 68 440 21 457 89 430 83 499 79 277 63 363 77 356 13 255 50 419 58 66 22 209
452 22 806 15 57 66 423 10 111 8 78 91 401 87 305 50 222 93 71 81 427 77 469 79 123 93 339 96 133 47 9 22 26 28 201 19 374 9 463 86 47 57 458 65 206 63 17
453 22 1040 92 380 94 70 42 359 24 471 87 200 72 84 21 463 65 106 90 193 23 429 67 361 31 15 12 459 37 237 81 152 69 499 58 339 66 162 31 380 5 411 23 311 85 455
454 22 295 98 99 64 98 79 455 38 421 61 300 35 91 45 178 72 64 29 452 82 147 28 194 72 470 4 282 70 161 46 227 38 424 10 102 41 139 37 65 1 313 92 62 98 195
455 22 246 36 267 93 38 74 493 32 197 16 421 1 124 83 135 28 471 28 102 78 139 40 315 33 202 49 7 12 270 98 255 28 112 95 345 93 147 1 27 90 293 51 210 5 103
456 22 926 1 248 42 337 72 136 20 439 24 83 8 299 20 216 99 129 79 246 82 40 54 380 29 104 11 93 19 368 5 458 94 386 61 320 99 90 55 148 79 224 74 364 22 10
457 22 723 62 273 48 433 1 384 50 288 58 258 20 414 92 346 64 82 6 489 42 242 66 364 1 304 96 232 51 86 83 159 65 298 52 453 74 374 12 333 61 190 67 408 23 291
458 22 309 30 423 17 405 18 61 94 285 58 116 62 13 92 23 99 99 15 1 26 256 15 173 4 370 29 213 78 28 3 415 40 354 19 177 21 380 75 119 15 358 76 336 16 67
459 22 622 47 215 30 121 98 30 13 250 35 433 64 51 20 364 91 265 38 261 88 103 13 258 97 230 18 328 28 99 57 417 44 357 18 201 2 354 53 172 98 493 12 195 83 276
460 22 651 94 127 36 160 19 198 97 40 20 44 89 13 66 483 28 145 64 401 29 104 47 24 73 369 78 72 75 451 80 218 79 414 43 392 4 295 75 359 68 42 20 109 4 67
461 22 162 49 235 59 106 38 232 63 424 36 67 25 96 12 61 61 257 12 48 1 291 62 473 66 14 5 13 87 307 40 308 29 494 11 338 16 484 2 322 63 344 20 22 47 482
462 22 122 56 128 56 471 83 245 83 135 46 149 10 420 22 252 61 372 12 306 95 262 16 288 7 310 74 360 37 197 46 220 63 73 86 405 90 343 13 369 10 410 16 405 40 330
463 22 974 19 62 81 314 52 161 17 275 23 189 39 99 79 303 45 91 4 48 72 384 6 119 19 378 96 15 54 490 41 214 1 403 59 237 18 383 85 242 80 186 36 366 80 461
464 22 998 79 177 96 222 67 310 10 152 97 166 68 91 70 333 21 379 11 36 79 104 10 174 32 71 69 172 70 412 85 299 12 389 43 90 74 205 23 217 84 231 24 426 92 307
465 22 990 60 263 97 352 19 197 35 217 27 385 89 377 35 111 17 98 65 228 45 92 44 442 43 217 33 264 46 132 27 322 59 467 79 281 90 477 6 207 43 40 37 305 99 309
466 22 720 54 10 64 113 91 266 27 389 39 52 86 105 7 25 60 273 88 168 77 236 39 385 61 425 36 473 91 111 33 186 87 391 25 58 51 303 55 47 53 303 87 314 60 341
467 22 1104 63 147 23 182 11 398 52 462 2 3 9 301 3 399 54 348 35 311 27 29 81 332 28 52 3 98 88 146 2 82 49 99 57 478 54 269 86 65 64 6 43 152 20 469
468 22 495 69 271 65 464 36 51 58 306 79 227 22 487 41 155 32 264 73 352 74 145 52 471 48 159 88 402 8 122 3 440 40 78 90 227 33 454 55 233 97 268 13 474 54 273
469 22 1081 46 359 64 196 58 272 3 341 90 110 88 51 28 346 4 315 62 286 17 242 71 319 23 423 81 259 2 212 58 360 96 32 6 4 81 272 5 480 9 410 86 49 23 41
470 22 742 7 179 60 446 4 147 47 53 82 175 51 58 74 182 21 302 72 85 24 235 43 135 95 301 77 334 87 235 34 417 50 272 72 133 88 224 24 308 52 112 83 102 91 138
471 22 119 2 182 84 286 21 42 15 269 57 459 46 186 74 304 74 374 63 449 22 5 60 192 32 212 20 195 11 438 91 244 67 474 13 210 14 307 66 336 97 427 32 405 98 29
472 22 150 25 132 34 354 21 352 48 143 92 199 1 144 6 134 15 38 17 86 58 134 66 400 80 204 88 355 26 281 80 247 11 3 90 336 20 470 64 333 14 383 84 219 4 224
473 22 733 84 245 62 371 21 117 22 466 15 246 69 418 73 413 80 344 9 211 74 179 18 324 61 470 89 55 24 274 45 414 1 360 26 208 71 366 19 290 95 112 67 235 46 24
474 22 127 65 411 95 112 55 421 19 463 3 253 24 186 81 335 81 233 20 297 54 348 6 480 66 70 54 166 51 463 23 80 54 372 18 324 15 366 7 147 97 9 61 18 93 285
475 22 777 49 114 39 164 90 395 55 305 10 273 1 216 94 63 63 338 95 205 77 51 64 271 53 399 2 170 31 249 49 138 9 140 44 268 2 336 97 325 92 322 91 457 46 98
476 22 247 9 15 79 371 7 418 93 125 75 467 19 387 76 467 77 39 7 459 77 426 5 320 18 288 63 245 31 19 42 77 90 119 71 482 8 34 51 439 41 58 45 49 32 22
477 22 198 64 286 15 380 52 468 88 279 63 115 15 298 28 484 58 271 13 130 76 230 9 172 62 470 51 217 82 480 3 492 47 223 2 214 44 295 79 264 69 448 70 200 91 327
478 22 518 37 392 81 182 71 46 79 225 61 118 94 90 79 97 4 171 85 487 47 205 59 363 96 284 38 340 49 358 38 302 62 418 3 426 94 301 77 340 80 326 78 145 19 6
479 22 1140 22 290 99 358 49 227 61 60 32 207 64 124 40 444 65 159 17 109 82 408 65 418 19 264 74 384 53 217 31 18 90 58 57 364 10 96 1 346 86 228 12 436 23 287
480 22 311 66 147 16 481 42 364 76 422 32 369 74 272 33 32 54 306 85 170 86 240 93 189 13 12 90 37 27 215 81 486 6 256 14 381 6 200 39 10 65 62 83 71 11 14
481 22 748 31 414 35 308 92 332 11 253 46 214 77 370 94 283 24 449 66 64 76 107 67 201 59 373 18 62 85 338 51 467 41 421 18 300 58 216 65 327 58 131 44 169 49 118
482 22 370 13 442 53 226 58 486 94 346 61 189 95 207 34 268 67 206 35 392 87 52 92 52 34 436 62 473 14 204 89 171 75 119 50 424 7 105 50 441 5 380 35 10 42 208
483 22 105 38 78 52 344 58 159 32 414 75 208 37 311 97 7 67 382 34 234 74 478 29 75 80 417 71 1 65 86 49 452 56 291 69 386 18 35 74 57 49 277 99 173 16 223
484 22 864 19 49 57 440 36 326 72 409 63 333 49 393 59 406 53 258 61 364 47 490 61 344 88 378 23 277 45 57 5 298 38 221 96 276 42 101 79 240 78 157 80 225 80 86
485 22 868 16 226 90 293 34 237 99 340 51 449 22 447 29 21 10 122 68 221 29 234 37 424 35 285 81 115 38 369 54 172 92 258 27 102 43 195 45 467 63 321 92 33 22 490
486 22 284 36 390 45 396 90 398 58 401 71 425 38 211 50 107 47 137 60 11 83 148 44 6 53 437 85 75 1 404 59 207 81 418 14 446 72 292 28 410 32 180 31 22 89 151
487 22 403 84 328 76 472 57 22 54 124 80 488 53 292 47 181 29 370 25 325 73 21 19 46 80 440 99 102 51 427 90 228 72 266 85 103 56 172 5 83 89 480 42 97 45 321
488 22 403 54 128 12 17 79 321 37 92 15 173 51 89 64 184 58 450 75 161 38 155 78 468 88 229 97 192 69 87 44 405 56 264 80 300 50 194 58 396 36 432 20 90 32 476
489 22 470 27 383 68 463 42 86 52 471 98 2 98 136 70 266 69 113 31 434 54 413 18 25 88 299 31 393 83 42 40 457 50 96 28 172 9 333 70 287 53 196 75 126 72 243
490 22 148 40 28 63 179 92 236 11 241 18 141 87 281 78 155 59 472 73 483 93 250 67 109 51 89 12 179 86 37 69 364 43 454 48 494 66 462 96 52 5 242 53 160 13 13
491 22 131 20 26 5 114 5 40 74 61 42 35 14 330 55 468 66 432 44 285 59 67 37 136 37 491 95 87 18 437 86 195 97 477 78 408 83 372 67 184 6 463 96 271 74 304
492 22 527 82 176 94 129 56 237 85 81 65 334 66 185 19 485 7 496 34 164 89 164 75 127 99 471 60 498 83 413 80 35 33 142 63 268 65 485 70 479 85 396 11 184 81 24
493 22 136 16 494 65 257 20 364 87 181 45 352 46 309 83 188 31 240 6 440 52 215 73 68 86 129 83 214 10 182 62 321 39 485 6 80 35 486 83 305 80 179 20 59 86 321
494 22 888 26 296 36 180 52 222 64 404 16 378 63 469 40 223 39 7 29 497 2 400 12 359 42 14 32 458 74 260 51 443 40 376 26 302 80 7 43 181 59 133 82 87 39 445
495 22 945 87 328 67 284 71 14 66 55 12 119 69 411 51 390 2 62 6 87 98 6 67 474 71 60 51 423 35 73 11 61 78 175 62 357 20 469 52 128 25 364 1 302 28 265
496 22 500 70 468 98 337 54 88 49 431 7 140 56 76 51 107 52 168 90 35 48 71 43 347 46 292 85 155 45 173 94 260 3 461 70 132 40 131 66 43 47 297 85 307 71 269
497 22 1109 96 90 37 258 28 418 31 266 6 418 84 184 30 370 11 25 1 275 13 79 39 132 95 301 81 277 82 201 32 109 8 124 88 305 3 209 54 23 14 88 44 346 95 265
498 22 781 40 319 42 250 27 4 7 257 90 79 49 115 50 35 71 17 12 446 62 332 97 360 14 272 40 248 93 57 18 114 12 50 7 56 33 209 31 358 93 462 58 102 31 40
499 22 923 9 173 51 283 97 398 73 138 83 128 2 405 79 421 68 85 49 260 9 202 6 242 52 443 69 70 89 230 76 363 21 126 5 451 83 450 22 331 93 479 42 439 87 277
