0 10 91 54 347 68 208 83 2 55 17 12 217 30 328 97 481 96 2 63 337 91 456
1 10 154 42 154 95 407 97 254 18 435 3 270 21 62 88 452 27 352 8 414 93 359
2 10 372 40 209 12 172 89 310 38 99 24 228 88 78 89 241 40 85 86 341 66 235
3 10 392 91 167 32 460 59 194 24 353 51 243 17 381 58 164 40 56 28 149 28 494
4 10 306 60 476 51 459 74 478 67 176 38 49 56 151 4 475 9 343 30 149 58 250
5 10 480 19 311 93 431 72 303 96 111 34 341 48 105 49 46 29 317 54 174 81 317
6 10 205 32 40 74 405 62 475 44 494 65 170 96 44 52 488 12 309 88 475 99 274
7 10 308 66 126 87 496 84 57 79 227 10 157 52 159 86 372 4 79 66 496 74 50
8 10 152 96 312 48 393 32 106 64 403 34 208 32 298 82 54 20 471 21 414 27 164
9 10 517 66 423 97 29 87 426 55 131 44 34 54 132 27 486 9 260 86 120 29 364
10 10 274 20 356 39 20 33 202 92 100 88 85 4 373 99 463 55 485 85 122 96 328
11 10 331 87 340 92 212 79 170 26 317 99 228 74 217 39 204 16 434 50 35 66 140
12 10 322 58 369 75 415 36 413 21 429 46 392 31 425 22 343 40 42 57 65 64 448
13 10 439 27 234 27 16 16 423 42 218 37 309 10 456 53 107 27 306 62 489 7 305
14 10 382 45 178 76 273 63 17 46 373 82 468 62 441 17 456 9 206 43 262 91 172
15 10 473 44 49 56 55 77 472 67 475 95 242 31 457 72 138 36 315 81 286 97 225
16 10 366 80 298 87 322 2 248 56 414 18 336 57 322 37 378 56 194 65 482 86 243
17 10 272 2 166 91 491 86 487 66 203 58 492 28 65 19 70 93 191 20 330 20 79
18 10 218 60 325 6 494 66 223 62 31 59 333 85 393 36 421 63 357 54 3 83 34
19 10 227 53 335 81 174 66 14 34 497 9 143 51 108 36 131 59 428 35 33 93 210
20 10 53 10 41 72 271 63 10 44 257 3 91 80 226 45 458 87 299 65 236 45 251
21 10 310 87 177 59 76 42 222 23 168 3 130 45 238 87 355 47 12 26 139 92 36
22 10 68 52 162 86 306 70 123 46 29 6 235 21 96 33 68 88 179 61 398 59 125
23 10 537 76 4 52 179 86 492 80 78 72 492 25 146 75 288 98 91 77 277 65 133
24 10 80 32 70 82 424 6 196 38 350 75 249 83 450 62 200 69 462 92 496 56 382
25 10 57 93 203 22 452 27 286 53 329 43 119 27 417 2 396 7 473 25 439 2 54
26 10 161 94 361 83 85 47 361 32 98 51 130 52 44 92 396 7 417 58 422 54 177
27 10 162 46 234 3 90 70 178 74 75 26 450 22 415 75 496 21 294 22 7 74 398
28 10 82 93 113 9 413 53 88 79 185 69 228 66 302 77 287 79 3 6 228 51 130
29 10 484 59 347 91 433 5 247 17 260 54 88 13 497 79 257 33 70 42 301 59 175
30 10 405 7 169 78 167 89 465 9 256 30 353 2 61 8 377 75 344 17 20 83 169
31 10 245 3 379 43 42 75 129 94 95 53 176 49 353 40 294 67 281 39 277 6 121
32 10 314 5 61 68 323 17 351 58 85 55 113 47 480 40 182 56 369 69 143 39 256
33 10 233 96 41 85 113 29 291 97 481 11 93 77 324 55 21 51 395 34 5 36 209
34 10 256 87 29 95 45 25 189 1 135 25 107 72 382 26 252 60 485 55 304 38 141
35 10 297 22 176 2 400 45 98 63 270 24 216 87 293 6 14 75 476 94 78 80 60
36 10 368 52 121 10 175 20 207 41 128 64 461 76 452 63 124 42 44 22 29 61 398
37 10 138 73 163 36 17 1 191 5 365 15 125 36 262 57 430 89 192 30 369 47 172
38 10 298 41 46 93 72 52 216 10 373 88 247 8 463 93 322 17 454 7 365 57 462
39 10 75 61 64 77 16 72 35 46 389 57 449 6 259 70 123 33 136 38 478 32 219
40 10 176 14 414 97 99 98 266 36 376 55 273 20 484 50 24 69 58 43 267 22 155
41 10 61 67 195 89 154 20 178 4 374 33 479 50 277 58 465 68 168 69 285 50 147
42 10 367 56 164 71 259 93 361 29 99 99 424 19 427 14 203 81 432 97 47 1 285
43 10 203 84 225 57 437 70 408 18 300 1 165 14 64 67 301 72 417 16 364 66 101
44 10 272 98 76 75 25 97 34 62 467 59 19 25 487 61 59 49 499 30 148 79 105
45 10 365 16 46 18 347 66 458 48 252 32 324 65 375 14 55 98 183 83 450 7 290
46 10 527 16 17 79 166 10 467 50 227 79 29 39 328 73 82 5 19 82 356 98 206
47 10 345 93 367 74 161 40 104 43 203 34 141 19 274 37 32 49 380 19 422 16 330
48 10 66 7 224 81 237 66 343 44 34 80 251 26 368 22 438 75 159 83 311 83 480
49 10 81 55 293 13 114 30 356 19 15 50 184 58 363 26 104 15 336 99 211 65 396
50 10 258 51 7 51 142 19 472 39 272 5 10 63 320 55 275 90 474 76 195 27 44
51 10 246 38 187 81 47 58 429 69 433 55 18 69 369 40 386 88 130 52 341 38 489
52 10 432 46 372 22 280 64 381 83 481 98 380 91 370 75 458 96 160 32 70 51 120
53 10 197 17 159 84 294 87 318 64 193 3 1 3 109 26 219 28 65 38 476 73 70
54 10 284 97 407 60 97 55 190 33 75 46 331 46 407 78 471 21 277 2 374 91 418
55 10 186 25 221 11 489 29 11 72 25 3 129 54 490 67 130 76 100 45 410 42 211
56 10 426 67 453 49 262 88 233 10 445 41 445 94 436 22 313 62 249 68 119 36 87
57 10 216 64 107 46 361 94 93 47 188 87 5 35 84 34 465 98 443 85 297 23 100
58 10 232 48 27 23 376 78 432 41 469 79 486 92 175 6 121 88 157 1 150 31 376
59 10 304 7 15 90 486 64 424 61 479 55 424 28 258 78 487 57 46 63 460 6 360
60 10 216 89 390 71 331 21 118 87 454 72 320 87 390 1 141 21 249 64 63 26 239
61 10 161 8 404 87 443 68 499 76 2 61 50 36 214 82 36 22 299 98 243 24 403
62 10 247 90 241 39 431 2 28 58 299 82 496 29 47 40 179 33 198 34 215 69 401
63 10 231 43 308 92 333 23 24 84 376 53 499 30 405 31 204 10 384 58 341 60 40
64 10 229 63 210 51 67 27 239 70 442 83 174 57 163 81 228 60 335 2 248 97 481
65 10 178 21 353 28 11 18 415 49 385 51 296 4 136 46 167 27 322 18 319 86 474
66 10 415 99 102 1 349 45 357 12 446 90 458 81 280 53 350 17 361 14 47 3 411
67 10 419 60 338 75 271 65 467 32 223 97 5 78 205 38 395 91 133 13 210 20 391
68 10 524 23 451 75 394 91 249 69 316 7 457 73 347 24 401 53 1 94 8 56 309
69 10 61 76 366 59 61 14 67 59 343 82 419 44 77 96 34 84 296 74 234 37 41
70 10 376 92 330 49 106 72 459 57 160 84 450 64 401 81 24 12 490 90 401 37 225
71 10 124 61 137 12 319 68 416 78 217 55 472 10 247 5 327 91 417 17 157 15 105
72 10 186 28 217 6 416 14 255 53 41 58 242 73 300 59 322 28 181 68 311 17 210
73 10 228 17 109 56 276 49 277 25 2 6 226 34 441 4 97 25 136 35 266 32 30
74 10 218 7 214 34 440 17 163 97 149 13 141 85 159 19 386 51 1 44 163 4 110
75 10 365 22 411 49 105 39 69 83 289 47 489 18 411 85 130 96 120 39 280 6 121
76 10 428 83 121 70 450 72 36 26 300 12 340 6 259 57 62 10 414 33 80 32 374
77 10 191 5 192 73 492 85 52 68 486 53 166 2 311 94 483 46 4 90 33 14 370
78 10 303 96 411 30 383 58 141 81 226 30 270 81 331 47 74 3 479 98 355 28 399
79 10 324 61 49 96 272 92 157 60 446 36 259 95 238 28 230 16 331 14 228 66 416
80 10 266 80 125 80 486 60 54 99 184 31 205 93 181 42 187 55 2 34 4 26 264
81 10 440 40 323 99 93 30 339 99 462 56 316 80 132 20 211 46 203 31 231 34 242
82 10 79 38 170 66 493 71 161 56 160 22 187 87 480 20 175 37 230 5 16 93 445
83 10 260 56 345 92 98 22 88 45 282 72 471 21 37 5 363 58 484 25 332 72 203
84 10 435 41 374 82 203 11 284 16 452 51 44 15 99 5 370 24 211 14 120 52 10
85 10 311 1 234 97 18 45 197 62 149 37 134 62 282 5 325 22 123 93 350 22 135
86 10 130 19 454 52 11 84 271 2 326 13 95 64 327 72 284 23 492 17 414 94 236
87 10 385 40 494 42 237 13 358 96 175 59 368 85 461 50 106 17 7 93 340 7 265
88 10 58 82 351 98 77 12 256 33 16 24 136 70 382 84 447 15 2 75 150 27 7
89 10 218 2 435 89 12 35 173 71 300 96 244 22 458 60 267 81 423 57 234 29 317
90 10 385 88 176 17 314 69 24 44 164 42 199 69 160 42 82 53 20 14 306 86 443
91 10 364 49 269 77 244 61 402 18 32 57 90 11 31 72 283 39 54 57 39 18 260
92 10 321 27 280 58 224 28 4 29 329 57 289 39 35 71 92 10 461 79 26 40 13
93 10 515 13 144 27 117 96 141 2 460 30 53 35 247 28 374 47 81 41 323 92 253
94 10 540 81 165 72 220 32 311 69 360 89 237 2 456 82 148 1 275 74 376 46 62
95 10 105 28 256 34 422 25 180 61 273 90 341 46 335 56 201 53 133 50 119 44 46
96 10 380 34 280 3 189 37 497 43 343 4 262 96 393 85 192 46 274 49 271 28 291
97 10 524 43 427 97 363 3 81 70 162 67 90 69 148 10 493 34 305 4 320 76 398
98 10 175 62 263 11 184 85 259 34 98 26 93 23 311 67 141 27 405 67 227 58 237
99 10 340 83 102 85 346 55 21 6 99 13 319 9 246 44 60 36 203 65 60 21 17
100 10 245 2 34 40 126 78 75 1 54 86 254 79 378 9 448 69 415 34 497 85 272
101 10 399 30 225 10 192 95 363 52 187 99 423 47 254 95 453 21 449 78 405 26 244
102 10 255 15 169 32 260 94 393 99 126 90 302 63 490 39 216 49 90 65 64 17 118
103 10 73 1 266 52 94 86 154 54 20 42 424 48 23 90 491 63 47 14 61 1 357
104 10 438 7 465 44 285 52 442 36 279 91 117 85 490 1 93 80 384 3 12 6 260
105 10 283 31 320 10 29 45 185 93 86 76 178 84 353 14 29 4 100 67 429 97 45
106 10 411 12 239 39 235 82 51 74 489 66 484 11 389 36 494 70 102 42 114 82 481
107 10 253 86 92 7 37 71 139 43 238 67 366 81 147 9 416 50 331 57 291 16 27
108 10 419 44 20 75 407 39 110 75 52 3 67 95 370 94 255 33 12 9 138 34 172
109 10 426 72 231 63 393 69 244 55 391 13 166 93 319 17 310 15 292 3 212 80 425
110 10 267 12 226 81 273 66 410 3 171 44 8 25 55 20 119 86 168 66 404 72 320
111 10 478 81 28 79 230 85 287 25 185 11 189 11 441 59 315 25 340 29 496 74 202
112 10 357 10 214 10 408 86 154 93 78 33 209 88 282 92 217 96 141 11 244 13 338
113 10 300 41 438 77 143 58 278 31 56 31 30 60 222 36 466 41 206 17 366 7 146
114 10 448 98 153 66 3 24 107 80 154 55 262 45 186 46 20 73 467 37 294 11 286
115 10 483 81 124 34 406 65 285 98 110 49 330 57 459 42 138 28 268 33 218 57 14
116 10 539 3 387 65 172 44 171 87 150 7 487 48 164 58 235 38 407 79 404 10 338
117 10 443 73 426 66 369 9 222 4 213 50 35 71 373 15 123 82 291 21 121 41 210
118 10 56 11 125 58 365 70 470 41 326 59 12 27 140 29 127 79 354 97 206 52 199
119 10 536 30 152 70 124 98 437 66 224 4 404 13 54 23 424 91 73 12 334 97 457
120 10 196 1 491 93 475 80 323 96 320 80 383 46 453 24 185 27 221 71 367 14 243
121 10 360 35 106 62 74 5 457 70 317 44 256 11 222 69 9 6 177 35 210 37 104
122 10 496 96 292 59 341 20 371 72 401 73 185 17 177 83 137 13 485 52 451 78 168
123 10 253 13 138 38 404 70 419 73 278 56 475 52 259 44 185 94 119 92 34 80 477
124 10 412 64 485 49 186 59 168 4 22 99 450 65 323 30 193 47 199 21 417 74 409
125 10 314 40 429 54 465 50 225 93 62 9 315 8 479 45 290 49 473 80 322 88 345
126 10 324 17 431 90 195 32 195 36 433 29 437 59 459 57 222 39 431 25 279 63 199
127 10 334 12 320 34 413 28 122 15 241 50 35 10 83 79 485 26 419 99 229 91 453
128 10 543 32 379 94 443 28 341 63 295 36 372 82 360 79 22 85 315 13 131 73 349
129 10 104 9 456 68 170 94 354 9 474 28 47 35 244 61 47 95 334 52 163 33 295
130 10 211 40 352 75 190 15 90 38 446 22 158 62 63 98 483 16 276 6 177 63 24
131 10 134 62 148 36 9 97 294 85 473 6 103 65 489 59 242 80 388 30 207 30 72
132 10 82 70 480 32 295 80 448 76 489 79 116 56 12 44 40 2 497 89 291 26 165
133 10 88 5 482 84 196 50 38 70 272 94 280 68 316 2 485 99 208 9 298 43 89
134 10 255 65 262 43 251 76 43 4 90 81 415 10 161 74 357 41 473 90 252 82 328
135 10 148 60 353 85 56 36 265 21 382 1 494 26 10 33 188 7 90 93 365 94 152
136 10 384 29 200 63 482 48 404 42 226 16 27 36 143 28 28 44 465 58 297 65 408
137 10 322 50 175 60 115 51 472 30 349 80 433 75 477 16 355 77 485 74 165 57 127
138 10 382 97 474 63 25 7 56 45 326 85 208 61 322 16 99 56 448 88 43 71 465
139 10 523 63 27 38 330 3 418 40 459 83 192 71 99 94 370 25 198 13 308 95 251
140 10 221 68 168 39 366 87 408 54 186 88 286 58 203 66 342 13 21 54 148 35 171
141 10 294 73 164 8 473 44 439 57 176 96 262 64 439 24 481 41 143 18 409 5 321
142 10 210 19 79 99 147 72 492 34 81 66 480 18 399 55 239 93 380 87 406 31 1
143 10 212 35 392 1 401 67 52 16 345 18 341 40 171 46 107 41 187 77 172 82 99
144 10 393 13 499 83 177 7 463 27 18 59 71 23 361 30 335 42 86 20 347 30 454
145 10 178 68 344 65 378 65 127 82 448 56 492 58 53 78 221 93 243 82 451 61 204
146 10 253 88 298 27 1 12 51 88 178 39 470 78 130 81 297 81 158 56 365 64 163
147 10 150 87 72 93 161 46 463 90 338 73 155 4 433 13 272 75 278 52 278 27 364
148 10 335 96 464 14 77 21 289 28 394 79 168 25 77 67 392 92 43 56 322 17 277
149 10 102 42 36 12 123 92 116 74 461 57 316 28 148 68 83 58 76 18 89 78 95
150 10 288 2 163 83 442 15 235 98 167 77 154 93 91 46 131 32 107 73 195 56 393
151 10 452 49 339 41 378 46 384 66 480 42 248 54 454 87 22 43 335 35 146 79 311
152 10 255 56 60 79 239 58 369 24 38 70 384 42 324 72 490 37 167 26 349 66 69
153 10 306 13 394 73 449 31 157 41 37 26 152 28 288 19 4 66 119 35 48 59 97
154 10 62 42 32 5 281 62 470 66 202 89 201 33 285 52 235 86 496 58 151 19 385
155 10 177 28 169 17 123 48 274 81 297 75 15 8 408 26 313 71 236 57 139 29 169
156 10 354 19 425 61 396 6 328 99 80 38 168 44 433 24 129 19 362 17 86 42 313
157 10 505 25 401 62 492 13 336 48 461 19 497 97 276 88 158 63 270 94 465 83 454
158 10 144 74 120 12 150 33 62 9 60 10 47 57 187 72 344 69 233 10 451 74 161
159 10 61 97 77 80 270 79 438 12 176 62 402 58 111 62 328 24 412 42 107 58 438
160 10 349 79 252 80 259 40 32 50 229 8 128 20 424 44 381 85 10 99 204 62 492
161 10 154 86 328 11 329 76 242 59 474 23 262 62 211 95 480 82 49 53 29 83 379
162 10 87 85 380 98 222 36 469 3 482 53 307 23 332 14 162 22 425 3 68 33 58
163 10 432 67 225 3 419 25 143 89 449 12 365 7 450 67 494 14 420 79 133 65 302
164 10 364 77 118 14 419 4 269 13 279 29 22 4 135 69 244 43 127 66 393 86 289
165 10 207 45 492 23 171 3 408 95 210 69 406 76 437 90 114 19 360 98 433 56 365
166 10 201 42 400 93 257 59 108 99 249 62 325 21 142 78 413 59 240 61 123 31 8
167 10 248 70 454 16 280 27 337 97 167 63 351 71 159 26 55 50 388 62 65 18 192
168 10 135 82 255 5 291 94 436 62 103 97 230 84 15 50 362 72 477 61 59 56 428
169 10 308 37 46 15 137 78 154 2 2 76 283 79 179 5 447 67 199 85 56 25 278
170 10 456 72 498 39 239 39 466 7 492 78 404 64 372 43 189 33 48 66 435 64 170
171 10 427 33 45 24 28 9 31 35 290 17 266 30 373 50 355 28 227 40 305 21 7
172 10 549 4 173 42 220 15 382 92 172 84 134 86 231 77 486 28 13 29 147 13 462
173 10 234 28 267 71 141 52 232 18 112 64 338 79 365 80 137 59 215 3 155 32 73
174 10 428 10 176 62 112 5 274 57 186 73 18 14 64 5 463 21 125 5 185 17 436
175 10 372 50 380 58 15 81 242 83 295 62 113 76 402 95 490 95 94 15 15 57 378
176 10 388 18 457 96 304 41 18 36 64 92 63 90 117 65 394 63 264 71 258 49 33
177 10 225 50 108 85 150 66 281 71 452 31 397 34 109 26 431 50 31 75 347 67 82
178 10 466 53 453 84 366 8 324 65 120 89 382 91 220 8 249 51 71 28 68 2 218
179 10 520 40 305 34 492 67 222 99 417 26 73 53 28 21 310 5 176 55 28 80 303
180 10 157 50 369 8 228 3 184 46 9 34 420 8 435 76 475 25 251 32 485 98 256
181 10 476 88 468 98 371 33 290 56 374 49 366 72 188 96 372 99 51 58 165 29 237
182 10 250 53 400 44 153 99 348 84 487 89 184 36 56 10 97 80 207 2 247 7 200
183 10 389 1 187 19 87 13 401 51 27 29 62 47 211 39 241 84 106 43 11 37 42
184 10 277 89 376 87 153 67 46 74 101 69 296 62 336 19 373 12 19 17 303 39 94
185 10 283 11 270 29 109 11 91 23 408 63 67 92 139 45 10 8 315 99 259 6 496
186 10 198 75 390 64 5 62 234 76 215 89 175 74 257 1 78 7 291 55 474 82 480
187 10 131 27 305 31 327 96 78 18 23 35 205 2 224 98 272 40 258 37 447 72 99
188 10 55 69 66 44 294 70 168 90 59 67 16 85 465 11 212 98 189 57 426 92 28
189 10 520 81 305 92 346 88 414 57 217 56 204 97 321 35 380 26 332 38 420 98 5
190 10 279 60 63 66 340 56 136 99 161 77 105 50 401 21 128 67 463 84 179 46 93
191 10 304 40 425 85 150 22 455 89 417 7 246 45 411 61 230 20 224 57 174 22 201
192 10 163 8 269 98 401 73 375 56 329 58 114 94 119 25 480 87 498 29 3 7 62
193 10 205 66 288 92 473 2 28 59 128 65 192 7 68 73 59 11 241 12 291 46 265
194 10 256 31 365 46 351 88 106 20 159 80 367 85 469 12 45 87 108 17 242 46 170
195 10 121 65 151 31 14 11 403 62 323 60 19 62 419 95 25 51 220 84 217 14 230
196 10 231 29 151 81 270 66 397 19 83 28 163 54 390 32 96 77 23 33 190 13 365
197 10 357 64 52 17 201 2 487 10 348 97 162 86 278 53 185 74 432 56 444 84 14
198 10 420 75 125 2 255 71 123 74 16 77 321 22 456 26 21 35 40 4 253 67 103
199 10 181 5 274 72 33 63 190 79 345 8 482 32 448 65 467 93 227 74 306 16 370
200 10 233 65 267 90 497 44 378 22 223 15 286 81 368 40 216 52 228 44 319 25 268
201 10 234 75 331 78 267 12 352 22 234 44 44 65 224 49 448 39 298 51 212 9 400
202 10 308 30 389 58 189 63 490 62 121 38 5 4 335 40 346 38 38 41 281 15 419
203 10 437 72 43 19 279 17 414 16 98 86 288 66 349 28 382 91 118 72 497 35 445
204 10 236 59 190 7 282 27 279 5 150 66 459 11 346 39 317 41 60 53 54 87 63
205 10 171 37 260 70 122 58 78 80 375 42 218 55 103 72 438 3 72 90 419 56 179
206 10 186 8 311 51 405 72 313 13 97 79 35 80 43 3 493 30 454 92 152 50 88
207 10 215 99 381 74 320 68 49 52 345 94 51 40 308 14 86 97 396 46 438 88 4
208 10 519 60 357 33 310 70 229 92 194 27 254 74 249 74 129 69 193 90 53 24 169
209 10 122 40 488 51 207 53 244 62 358 80 462 43 445 25 334 99 436 63 108 98 178
210 10 484 17 139 35 27 16 179 4 498 9 411 47 407 41 42 84 272 2 415 28 139
211 10 343 5 9 88 475 80 306 31 156 86 114 73 88 20 283 41 146 12 384 96 325
212 10 415 46 84 62 358 60 31 43 489 1 457 99 94 38 418 55 337 51 55 20 123
213 10 272 62 78 38 191 89 188 28 330 82 18 94 63 55 349 48 24 84 37 33 404
214 10 368 64 93 64 39 95 265 66 139 56 21 35 373 87 495 86 493 80 319 14 300
215 10 440 31 308 96 31 51 260 48 386 66 161 50 230 71 156 5 143 67 151 75 222
216 10 68 53 56 31 8 91 215 39 367 59 241 96 339 17 60 57 214 32 230 69 434
217 10 351 22 394 31 93 18 351 5 203 93 331 23 159 50 60 21 152 91 217 83 240
218 10 408 33 366 12 427 21 166 62 387 58 374 55 79 16 123 14 74 52 497 5 382
219 10 99 33 63 69 223 65 427 75 82 49 281 33 390 90 482 93 64 10 122 92 476
220 10 467 53 417 82 238 66 497 30 186 42 450 38 274 57 53 40 91 90 214 9 279
221 10 472 88 168 28 331 4 428 14 288 82 314 47 448 81 382 64 255 33 463 98 237
222 10 513 19 19 94 486 99 312 76 370 15 237 13 163 78 195 72 451 43 499 54 100
223 10 522 35 245 80 67 95 232 54 80 9 191 50 170 32 264 53 76 72 2 80 136
224 10 241 57 100 73 141 88 394 72 39 33 382 83 147 24 242 64 176 28 167 3 403
225 10 354 62 443 77 305 96 104 99 54 87 152 24 70 32 321 47 20 58 184 43 136
226 10 521 98 495 43 193 42 295 88 225 46 168 95 365 26 259 70 35 91 48 36 74
227 10 383 18 143 43 170 80 67 65 416 83 44 37 465 21 184 29 68 14 246 39 319
228 10 99 86 1 65 208 94 155 83 231 39 111 76 343 89 424 64 407 13 281 84 205
229 10 50 54 232 97 190 17 143 89 264 26 183 62 314 8 236 57 180 61 74 94 294
230 10 440 29 69 98 19 22 297 74 349 1 115 45 93 77 321 58 399 83 308 7 358
231 10 359 87 336 5 441 46 47 26 495 55 29 81 46 43 367 11 1 33 386 58 110
232 10 144 81 333 24 64 10 284 80 487 54 49 55 141 29 84 4 113 47 63 4 212
233 10 495 71 289 50 78 9 300 53 391 85 224 99 279 90 115 8 327 44 269 13 298
234 10 466 47 68 72 66 97 93 26 138 42 111 26 387 60 405 14 352 65 408 36 250
235 10 85 59 485 47 13 3 491 88 438 6 192 65 351 30 117 69 96 39 328 55 495
236 10 159 1 422 79 291 41 475 87 265 69 493 93 364 73 93 99 242 5 1 6 407
237 10 208 64 472 60 462 52 290 84 42 34 337 53 481 10 245 1 9 96 452 16 292
238 10 519 77 370 62 63 71 173 1 306 32 368 88 458 66 201 36 473 59 142 59 44
239 10 334 7 269 91 431 69 66 15 417 16 351 69 252 6 81 22 368 22 173 86 133
240 10 426 87 267 56 383 34 61 5 478 62 10 37 299 87 151 3 146 9 103 93 127
241 10 149 9 272 75 202 89 132 64 277 47 433 36 183 99 275 79 310 39 313 21 292
242 10 518 93 377 32 288 74 121 11 461 83 141 69 362 35 261 89 126 14 90 11 496
243 10 462 42 101 61 125 81 447 10 388 32 374 3 401 10 39 29 397 87 495 22 199
244 10 102 30 299 23 122 74 303 98 172 65 211 34 326 15 448 92 277 19 402 76 316
245 10 111 85 323 88 144 42 107 66 442 91 376 32 323 21 396 45 201 13 167 82 348
246 10 344 65 250 77 104 56 448 69 20 70 169 77 347 30 473 70 350 40 286 97 4
247 10 103 37 469 84 181 11 135 60 31 1 8 48 111 73 241 59 144 80 105 23 287
248 10 293 7 344 11 431 72 454 46 448 29 138 19 354 73 154 12 275 68 432 79 211
249 10 171 63 288 79 5 92 145 20 170 82 301 31 465 12 463 41 494 91 486 97 332
250 10 280 34 467 78 182 75 358 92 295 68 238 49 449 20 250 55 176 45 301 74 69
251 10 125 72 188 92 458 51 240 75 130 33 44 68 36 72 350 45 58 58 226 42 117
252 10 121 65 40 95 340 12 260 60 26 77 308 81 469 43 391 81 481 24 104 8 49
253 10 493 3 122 6 232 9 205 5 35 38 317 30 478 48 286 8 369 75 481 95 378
254 10 99 29 329 45 270 53 155 70 369 34 160 21 495 6 335 81 403 10 211 81 257
255 10 279 27 71 18 230 38 394 86 223 41 9 74 260 26 400 39 462 64 145 55 160
256 10 535 82 44 14 420 6 155 20 384 88 280 40 220 5 137 29 193 33 135 33 35
257 10 64 10 257 25 92 61 472 10 354 47 316 62 206 75 84 1 312 47 300 87 75
258 10 502 89 465 73 78 6 89 16 61 78 212 55 295 24 351 34 219 53 337 96 195
259 10 385 86 154 29 43 6 106 87 77 2 321 6 429 68 315 1 273 34 69 75 311
260 10 499 77 298 29 346 25 331 78 229 75 319 70 145 9 359 54 346 89 477 15 207
261 10 513 68 50 51 357 39 272 10 108 71 382 14 6 90 165 57 264 65 172 96 282
262 10 98 99 453 20 117 7 178 9 254 43 172 38 3 76 461 77 225 94 210 72 149
263 10 406 85 482 85 157 75 363 75 142 81 446 11 147 46 98 44 379 87 252 31 188
264 10 533 48 345 2 119 62 419 32 50 12 499 21 436 4 346 84 118 24 238 5 218
265 10 516 50 370 29 374 96 173 4 468 24 28 42 247 40 142 33 313 60 222 43 10
266 10 115 88 290 94 106 94 160 23 269 51 499 34 86 94 456 17 389 75 317 99 245
267 10 391 62 403 5 428 81 337 81 395 88 312 79 314 3 206 36 79 67 477 70 364
268 10 200 56 451 51 70 83 478 26 3 86 178 32 192 12 203 37 145 18 332 54 191
269 10 434 51 342 50 355 42 209 64 89 13 238 84 476 23 271 77 56 1 277 98 214
270 10 199 12 323 96 250 77 258 79 351 11 113 24 401 99 296 18 164 46 76 85 24
271 10 299 39 234 76 486 17 286 36 205 69 32 24 122 70 233 22 395 41 100 81 279
272 10 104 55 217 16 220 31 21 9 239 11 160 29 145 96 288 39 484 68 244 80 177
273 10 453 53 437 67 188 7 167 34 305 98 414 64 345 40 373 77 322 15 234 97 126
274 10 437 78 35 88 4 58 82 96 454 82 158 37 129 71 83 85 457 83 281 73 240
275 10 173 12 400 31 400 16 30 83 143 36 186 53 202 36 407 37 4 47 415 76 136
276 10 254 3 257 73 260 37 269 80 228 74 322 78 165 75 92 26 220 99 113 98 362
277 10 96 56 440 58 440 93 374 43 393 78 494 67 6 91 426 27 30 30 461 10 469
278 10 310 23 470 26 150 17 362 81 77 59 389 62 79 75 180 10 42 44 116 86 248
279 10 323 62 87 13 39 38 263 56 369 28 387 46 312 31 208 81 417 5 396 31 196
280 10 312 23 285 11 225 10 55 57 377 82 204 86 240 59 140 46 315 32 174 77 218
281 10 235 74 166 69 19 51 450 50 382 14 26 31 77 76 140 53 365 9 492 47 13
282 10 291 82 202 55 110 93 158 44 145 69 44 93 448 70 260 90 228 9 471 46 63
283 10 242 63 163 32 123 96 248 55 346 96 196 51 398 65 268 31 172 53 390 45 281
284 10 327 64 206 36 138 41 361 5 148 47 140 31 83 52 433 49 117 24 132 41 404
285 10 126 47 76 3 485 73 430 14 50 32 478 79 212 77 402 79 72 33 303 51 473
286 10 60 99 429 74 7 85 72 69 221 83 344 63 52 48 346 51 77 44 28 24 429
287 10 315 9 417 76 42 81 304 38 14 22 456 38 254 91 179 63 325 52 477 91 54
288 10 192 40 30 9 21 3 274 56 485 91 452 8 384 87 17 23 288 90 305 61 147
289 10 400 63 221 94 337 65 413 73 284 19 219 72 32 85 272 32 197 48 257 94 234
290 10 280 94 141 81 48 18 459 23 177 88 8 25 246 10 290 51 468 14 301 86 174
291 10 87 28 203 51 394 3 146 35 12 39 298 14 99 4 240 49 335 4 271 27 221
292 10 473 82 393 76 225 4 10 65 253 14 286 74 205 64 157 79 404 12 309 51 358
293 10 226 42 128 6 240 82 130 41 93 25 116 96 132 61 227 60 245 91 198 51 373
294 10 393 24 88 16 250 6 483 42 283 51 216 51 268 53 95 5 142 71 469 99 480
295 10 514 16 37 9 27 44 163 36 417 3 343 37 141 61 402 10 308 33 336 47 247
296 10 223 90 330 95 301 33 267 5 489 94 89 79 36 13 95 82 151 34 92 27 414
297 10 89 63 385 10 32 77 90 29 443 5 14 55 430 82 6 21 433 15 92 94 141
298 10 290 99 488 95 427 41 165 84 369 12 116 92 367 65 14 9 345 91 12 38 202
299 10 167 53 230 60 341 23 343 46 78 41 53 39 444 41 450 87 178 79 195 42 199
300 10 127 9 240 39 199 88 427 86 352 72 337 60 487 95 167 69 24 91 274 52 25
301 10 349 9 84 92 482 59 34 54 227 22 409 4 53 64 261 56 477 54 29 35 230
302 10 466 39 398 68 95 56 473 67 150 34 449 80 422 89 329 12 219 34 134 76 378
303 10 288 12 452 14 151 45 439 57 349 49 423 88 335 5 363 16 471 46 251 30 319
304 10 319 28 202 46 21 18 329 82 222 92 328 83 339 53 248 92 325 18 108 95 98
305 10 246 91 486 35 450 13 181 79 186 23 36 72 22 12 25 23 292 23 3 91 114
306 10 424 51 144 78 407 74 243 85 385 60 224 93 303 71 270 1 224 15 183 98 366
307 10 64 70 295 46 39 73 253 19 472 68 448 7 495 93 373 57 60 49 261 50 124
308 10 415 32 242 29 274 49 328 39 5 34 312 39 394 4 4 29 319 18 321 51 378
309 10 280 40 111 97 445 68 7 27 98 20 364 30 130 88 374 28 185 95 435 98 488
310 10 204 37 274 63 442 2 479 48 134 85 199 98 296 43 436 46 47 89 360 19 272
311 10 149 95 62 40 128 78 122 80 256 89 65 66 151 30 2 70 214 11 200 71 435
312 10 180 81 51 95 196 67 188 65 441 27 450 40 30 3 381 71 369 39 16 53 252
313 10 366 14 100 92 44 78 357 25 225 93 244 27 80 66 118 87 266 68 352 32 253
314 10 536 69 253 93 437 79 499 7 274 3 407 79 38 57 378 87 158 9 100 30 434
315 10 540 25 40 94 418 94 168 79 270 47 174 93 325 39 108 11 363 69 312 98 7
316 10 471 63 401 91 89 91 338 74 463 83 374 36 235 78 180 51 254 17 213 96 7
317 10 364 19 217 47 348 88 317 24 162 44 6 73 105 32 72 2 162 47 34 71 384
318 10 156 80 7 50 139 53 471 22 365 47 16 38 115 35 30 97 107 43 257 83 450
319 10 278 19 120 53 261 56 223 36 395 17 444 85 245 73 41 82 380 5 26 52 288
320 10 254 2 451 36 62 17 247 75 49 16 173 10 361 54 277 26 456 55 44 39 435
321 10 489 2 353 40 112 48 145 17 81 5 254 96 6 10 255 44 235 60 34 70 167
322 10 214 82 59 68 360 55 303 33 213 75 400 25 85 20 469 5 389 68 304 16 198
323 10 241 95 379 44 435 37 129 38 121 15 492 81 369 47 103 73 114 82 5 70 176
324 10 371 46 343 37 467 83 239 85 483 91 390 57 353 42 204 57 489 78 13 76 403
325 10 351 76 367 36 194 82 330 51 169 47 179 14 288 2 207 49 84 35 224 63 112
326 10 365 68 369 41 83 82 437 99 37 2 390 46 101 20 213 5 148 77 16 30 320
327 10 123 42 475 90 254 47 204 84 229 84 478 95 109 69 260 97 11 11 221 41 450
328 10 468 41 275 66 251 12 22 63 138 15 60 17 388 67 465 24 38 50 333 55 268
329 10 337 80 337 82 158 23 442 30 279 96 105 93 32 73 121 27 184 48 425 65 33
330 10 111 12 97 5 27 58 7 53 92 53 79 25 380 31 10 61 210 18 170 43 299
331 10 249 94 466 53 170 40 218 56 123 69 51 42 229 84 300 45 197 96 129 2 90
332 10 414 4 132 1 181 3 88 19 309 41 340 45 165 73 466 94 142 81 433 51 113
333 10 240 20 355 88 173 58 489 84 70 80 445 12 487 9 148 56 109 86 282 8 111
334 10 65 23 411 98 190 55 67 42 335 49 482 58 371 9 355 12 217 33 413 88 254
335 10 115 87 84 15 279 81 488 86 263 94 345 67 166 1 365 99 34 32 311 7 155
336 10 189 78 14 67 323 15 90 33 94 36 107 18 103 70 119 5 39 21 292 26 336
337 10 306 62 451 79 179 84 119 48 318 30 454 5 371 51 71 96 358 23 112 59 260
338 10 87 77 412 34 445 66 379 10 292 57 438 38 26 90 341 71 180 95 494 31 85
339 10 283 66 406 27 49 92 135 9 125 96 127 17 399 20 236 97 22 51 219 6 426
340 10 245 35 91 43 414 19 178 9 350 10 252 53 389 86 305 62 399 56 373 34 399
341 10 199 74 454 8 7 13 51 84 41 62 254 97 203 53 203 80 79 39 380 77 277
342 10 168 41 270 50 211 14 110 74 67 45 369 4 194 40 236 74 223 13 162 43 110
343 10 304 73 445 42 165 70 85 49 154 74 457 59 139 48 133 3 61 15 340 37 349
344 10 383 69 277 21 320 61 71 2 353 85 187 8 91 90 293 25 393 14 481 82 284
345 10 221 64 356 42 55 35 396 20 406 49 225 26 461 72 366 24 19 19 376 44 261
346 10 464 67 142 3 103 74 408 77 150 89 448 60 56 8 248 24 188 88 115 98 135
347 10 332 70 100 53 321 78 369 32 466 86 149 81 439 7 65 63 448 73 259 71 103
348 10 218 38 159 85 73 13 356 60 384 81 323 80 137 30 260 79 158 88 310 93 434
349 10 218 90 174 13 60 69 270 11 270 27 382 40 96 95 491 91 172 27 387 9 290
350 10 347 50 171 49 75 96 269 35 125 43 156 53 266 81 361 96 343 35 125 72 281
351 10 420 44 164 65 10 90 481 72 421 40 365 82 354 14 494 28 284 39 462 25 362
352 10 491 45 330 57 3 46 114 1 367 45 179 57 42 43 197 49 279 92 178 99 267
353 10 524 26 29 14 55 27 498 16 300 24 341 77 152 72 341 88 473 97 135 23 159
354 10 356 15 429 96 319 27 270 87 439 19 77 36 227 26 34 87 216 98 381 59 497
355 10 87 40 338 17 311 19 316 49 330 44 487 98 245 61 28 97 494 28 157 55 243
356 10 126 67 257 80 289 29 363 66 440 3 226 26 342 37 20 89 345 54 210 6 6
357 10 493 45 445 68 225 94 349 6 188 71 147 18 389 14 246 4 476 62 428 85 362
358 10 59 32 284 63 408 85 436 67 325 9 261 97 343 75 476 9 459 16 371 18 102
359 10 473 73 428 67 403 70 313 74 96 38 428 46 489 50 217 66 483 12 475 64 491
360 10 250 47 132 60 451 48 256 2 85 98 454 98 450 33 146 67 199 50 468 58 420
361 10 216 96 87 35 97 78 402 55 259 86 246 10 323 42 14 54 47 17 296 49 424
362 10 355 40 387 11 117 3 168 81 384 92 179 13 323 84 467 59 274 43 474 63 260
363 10 498 51 180 97 447 94 322 6 25 77 11 59 429 23 23 48 132 37 162 54 71
364 10 451 47 181 23 273 78 194 61 205 62 271 85 228 7 216 2 431 3 461 40 412
365 10 307 40 421 85 75 13 162 79 130 75 385 61 46 52 62 94 180 92 223 41 279
366 10 243 63 432 20 256 5 288 42 85 44 402 69 225 12 267 74 446 90 437 91 261
367 10 506 74 273 8 90 51 462 5 306 91 265 86 82 52 30 38 129 35 280 10 212
368 10 335 92 405 81 341 97 118 4 279 82 215 34 165 15 367 57 420 45 23 51 344
369 10 542 26 54 99 294 72 197 39 250 53 19 1 120 66 459 21 309 90 409 55 301
370 10 118 7 387 47 278 11 185 10 178 95 72 32 317 16 73 47 42 98 87 74 152
371 10 466 53 91 66 386 57 11 66 370 85 423 10 306 5 448 96 205 7 378 79 417
372 10 411 98 15 99 356 66 310 10 288 25 257 91 280 25 245 70 292 58 164 80 385
373 10 300 72 370 34 121 94 76 81 438 25 44 93 47 52 68 13 359 65 364 25 357
374 10 346 6 321 59 314 46 401 25 292 68 94 3 262 54 412 55 309 80 254 16 422
375 10 115 77 275 16 229 53 428 48 302 18 136 92 311 65 183 22 94 78 127 44 144
376 10 331 85 232 20 415 74 467 32 409 84 22 99 133 72 331 87 100 91 60 27 122
377 10 324 31 62 3 97 50 378 56 115 33 260 29 278 59 300 83 96 34 68 76 480
378 10 141 32 227 50 256 47 165 60 202 36 295 47 224 78 270 86 172 82 453 80 496
379 10 527 10 197 60 248 34 37 15 360 17 360 70 141 29 148 88 271 33 398 5 493
380 10 312 22 391 74 224 64 46 43 164 92 342 83 250 19 104 13 432 83 267 86 24
381 10 113 99 350 21 176 52 54 51 2 7 37 52 440 78 219 63 370 58 355 63 187
382 10 402 25 287 57 18 38 53 76 36 22 499 24 382 84 484 83 348 83 113 13 347
383 10 169 14 187 58 431 9 310 18 87 50 429 18 64 53 282 98 473 16 450 20 131
384 10 532 58 155 17 473 48 132 91 327 75 340 46 158 56 434 42 262 78 499 62 348
385 10 65 57 152 64 371 85 82 91 483 21 258 52 231 67 285 66 444 2 255 56 66
386 10 307 30 135 88 109 77 266 29 258 83 59 97 300 33 53 1 147 69 73 49 23
387 10 157 12 468 46 282 6 451 41 426 38 101 25 339 55 458 65 222 88 19 2 268
388 10 177 12 454 10 159 14 191 20 314 2 98 17 345 52 85 61 390 63 400 92 252
389 10 247 97 315 69 491 1 352 65 235 3 37 5 499 26 13 1 21 12 266 18 471
390 10 218 54 408 59 484 47 381 87 12 21 482 85 466 99 387 1 7 17 311 24 218
391 10 516 65 5 99 230 2 218 30 311 23 421 68 85 76 386 48 3 71 483 95 420
392 10 143 59 315 4 53 52 259 54 171 79 277 79 16 39 34 6 306 23 300 85 14
393 10 516 26 356 54 424 58 250 1 146 87 412 55 476 86 317 47 317 6 303 33 295
394 10 417 84 140 65 289 64 390 31 327 28 212 98 106 53 166 92 456 40 279 10 189
395 10 296 81 339 76 312 90 335 11 305 62 372 33 249 89 38 60 173 12 411 76 450
396 10 336 1 327 31 486 78 438 31 48 70 260 18 269 62 158 57 498 29 225 41 137
397 10 468 97 325 76 488 20 494 63 489 69 210 47 476 12 155 85 495 42 148 12 141
398 10 485 90 123 71 149 22 396 61 125 36 158 37 427 41 297 15 78 86 148 59 141
399 10 92 29 315 46 324 78 294 67 110 72 303 94 408 44 216 67 79 42 312 58 445
400 10 233 62 265 75 122 3 274 72 453 79 334 21 258 17 9 66 351 67 322 33 248
401 10 397 67 210 95 454 97 244 96 347 46 104 94 60 39 82 68 252 27 274 31 376
402 10 98 70 285 69 113 19 110 38 176 82 67 92 80 71 158 81 156 79 3 89 205
403 10 541 74 437 29 281 1 203 24 341 94 106 86 385 80 279 6 284 68 228 78 246
404 10 198 59 442 19 199 18 182 45 345 66 491 61 283 27 203 78 167 24 464 59 384
405 10 51 14 365 69 105 6 12 75 411 99 54 88 135 68 149 48 238 48 62 60 69
406 10 384 34 214 70 242 72 174 24 445 21 486 33 456 61 467 4 425 91 454 3 339
407 10 356 41 238 82 89 60 331 38 383 3 153 60 66 53 298 49 59 12 23 30 216
408 10 97 40 145 17 468 43 358 53 498 63 23 10 203 54 336 65 453 16 35 29 414
409 10 493 39 198 57 112 24 219 4 25 16 337 34 485 60 443 39 122 6 287 18 419
410 10 525 8 374 66 262 8 301 73 325 35 245 14 308 65 101 71 262 5 387 65 396
411 10 483 51 418 33 62 91 9 58 69 38 114 88 437 16 18 14 198 9 130 9 41
412 10 540 10 60 47 99 13 1 83 227 26 3 95 294 67 268 11 351 7 138 66 32
413 10 456 60 260 38 73 95 126 17 58 78 3 29 214 8 170 29 425 93 369 85 59
414 10 520 53 144 70 468 86 414 71 346 70 374 76 470 27 219 51 232 86 128 37 372
415 10 362 9 142 92 201 31 175 11 331 54 166 99 213 26 381 69 158 43 298 65 146
416 10 273 41 209 45 276 36 269 46 398 10 486 53 277 52 360 84 331 93 429 29 388
417 10 271 40 150 35 170 83 108 12 487 60 310 57 70 60 284 22 496 34 453 68 475
418 10 357 54 228 25 459 86 119 15 199 22 209 8 478 82 16 54 345 28 91 76 99
419 10 275 50 395 82 382 6 431 11 219 7 384 98 377 89 492 43 68 18 276 3 204
420 10 82 96 303 62 301 22 160 41 468 2 361 7 457 2 345 42 45 85 132 21 318
421 10 418 50 204 56 135 98 366 88 129 19 472 19 3 80 35 12 379 94 301 7 105
422 10 358 4 71 13 33 83 345 66 499 20 463 1 75 59 287 30 98 54 198 18 198
423 10 76 23 136 68 352 23 213 43 277 45 335 65 385 26 449 47 117 73 116 34 314
424 10 485 39 370 11 47 92 199 83 163 99 496 96 51 68 242 67 286 67 429 76 365
425 10 354 5 394 21 287 53 372 10 192 32 267 75 399 78 445 3 447 20 73 8 186
426 10 277 29 471 73 14 67 3 68 294 41 477 83 19 97 138 61 139 67 277 52 72
427 10 52 42 482 48 182 85 419 12 10 22 143 78 167 65 414 64 366 34 232 16 149
428 10 511 90 218 82 91 76 481 36 345 54 485 13 135 21 498 16 121 95 303 11 254
429 10 84 89 220 4 198 99 291 57 464 93 11 13 180 29 108 36 421 77 127 39 419
430 10 278 72 395 3 348 7 151 59 228 78 119 90 52 20 182 5 160 36 412 80 97
431 10 144 53 490 5 416 81 481 98 253 19 397 63 2 62 186 96 149 85 374 95 166
432 10 323 90 272 23 54 26 469 51 218 83 280 47 121 65 438 77 136 80 177 13 178
433 10 445 89 361 59 50 53 30 14 292 85 279 23 220 19 106 60 278 54 273 36 25
434 10 422 87 328 11 205 36 26 54 381 10 204 98 95 14 382 42 1 81 291 97 96
435 10 424 74 439 52 405 98 180 39 363 81 12 14 80 29 149 5 293 81 489 80 337
436 10 362 20 181 53 127 12 48 4 387 75 497 3 374 11 24 3 198 17 431 74 32
437 10 101 56 223 56 261 54 148 24 312 50 381 1 259 13 321 10 499 34 427 57 400
438 10 400 63 157 71 445 53 421 53 39 2 420 40 28 19 411 94 236 85 173 81 284
439 10 438 37 338 85 207 22 372 49 187 58 378 74 156 84 195 70 144 71 303 56 488
440 10 217 46 209 16 142 66 100 99 263 69 58 21 20 99 28 6 12 39 489 19 312
441 10 151 35 278 87 447 34 113 77 295 90 466 37 107 85 93 12 37 48 257 51 321
442 10 156 22 452 40 200 97 440 39 378 62 435 88 457 95 150 84 404 55 196 3 425
443 10 389 1 417 63 399 30 273 12 69 41 450 38 447 21 155 80 291 61 257 69 386
444 10 504 52 4 32 10 37 277 30 3 54 421 5 246 11 443 20 362 22 196 55 469
445 10 336 58 360 78 275 78 302 74 36 12 427 37 474 34 456 98 73 62 473 65 203
446 10 210 20 448 92 393 36 452 6 186 9 25 46 169 76 54 54 317 76 493 85 41
447 10 473 56 468 55 15 76 109 62 367 6 87 59 334 65 3 85 156 77 470 14 315
448 10 465 99 71 56 52 88 376 92 309 58 249 42 308 48 60 92 169 33 20 87 438
449 10 331 39 476 70 292 46 71 91 488 28 329 23 397 90 142 47 130 74 143 58 213
450 10 81 97 268 45 149 63 77 9 423 66 62 27 318 46 1 70 437 11 485 92 267
451 10 254 1 476 50 90 66 136 72 380 58 127 24 191 65 206 19 162 58 354 25 116
452 10 135 4 385 10 197 45 340 11 439 76 247 2 32 8 208 87 71 60 332 11 301
453 10 497 93 285 94 447 15 110 31 257 67 24 51 99 51 364 10 285 94 43 45 245
454 10 232 87 190 20 403 98 406 64 78 23 36 43 234 7 19 1 420 29 152 82 361
455 10 154 96 401 77 411 15 325 82 341 59 201 61 409 64 489 38 154 48 393 98 442
456 10 508 61 472 79 429 94 124 93 80 12 211 72 360 68 263 12 489 92 86 50 130
457 10 453 92 306 15 231 20 269 70 462 73 4 15 398 62 84 63 36 84 420 53 209
458 10 303 44 171 4 144 69 88 77 127 1 283 29 234 12 172 77 1 67 498 18 106
459 10 431 86 381 37 82 79 221 66 46 48 396 81 274 81 209 67 121 12 207 92 28
460 10 233 96 218 70 440 54 444 62 281 65 171 73 260 67 243 15 413 95 490 40 486
461 10 274 89 198 54 303 92 381 78 270 53 320 48 39 64 459 56 397 10 8 88 157
462 10 310 10 254 75 302 46 487 49 47 57 241 69 132 58 496 80 123 88 16 48 296
463 10 112 97 230 78 496 77 258 96 87 58 135 84 239 86 269 9 48 44 256 82 48
464 10 508 89 240 77 364 23 326 86 94 64 163 67 329 10 430 76 167 78 204 25 268
465 10 58 19 475 80 373 7 267 29 419 67 137 16 29 32 474 62 461 17 337 13 354
466 10 446 62 411 42 22 41 59 28 187 57 105 90 24 33 286 4 185 30 172 81 387
467 10 92 91 488 44 207 79 400 90 451 3 377 37 112 77 129 92 126 90 454 37 226
468 10 275 39 418 94 413 94 124 58 453 56 199 92 446 4 346 36 65 57 265 60 219
469 10 546 24 3 79 39 78 133 80 229 11 233 93 195 12 152 17 490 42 22 29 496
470 10 513 66 445 64 10 30 140 57 300 45 19 77 188 70 425 67 287 31 238 35 145
471 10 413 92 233 87 72 69 197 83 281 60 169 71 32 28 157 49 480 61 234 1 78
472 10 119 36 83 6 99 2 98 38 100 60 457 93 306 37 3 86 417 25 135 9 307
473 10 548 90 4 70 350 23 29 42 403 75 21 29 401 14 325 62 267 99 226 60 332
474 10 228 81 4 17 361 93 130 93 16 76 8 64 33 34 418 40 11 17 163 1 57
475 10 190 58 415 18 10 73 468 45 31 18 312 90 232 47 23 59 472 46 317 41 113
476 10 346 62 444 86 24 23 229 13 94 8 98 33 333 91 279 72 83 51 88 13 107
477 10 93 50 50 4 128 3 427 92 105 47 64 90 264 31 379 76 117 62 151 47 403
478 10 411 42 499 39 52 63 103 24 65 92 453 77 80 82 483 5 308 19 460 6 336
479 10 119 28 89 52 263 58 212 55 186 6 24 51 320 2 426 62 232 23 79 42 73
480 10 94 49 120 45 278 40 182 93 375 45 51 62 496 22 165 17 378 98 285 11 387
481 10 336 44 115 8 313 78 70 94 312 35 337 79 343 67 441 83 160 31 267 17 168
482 10 240 55 152 50 3 58 146 86 56 36 155 70 420 36 11 79 13 32 315 10 116
483 10 196 1 472 42 325 91 262 68 438 92 183 77 388 36 497 5 161 53 78 2 175
484 10 482 72 161 55 413 84 97 93 267 58 38 44 338 3 214 36 232 91 308 18 52
485 10 222 91 5 92 206 90 328 47 241 71 369 39 471 25 415 60 206 64 439 73 26
486 10 326 43 108 83 245 76 148 6 412 80 121 23 472 75 434 79 379 79 214 7 163
487 10 352 81 33 51 408 53 155 87 458 61 33 4 203 59 490 69 382 71 486 32 434
488 10 338 7 428 91 369 47 297 16 365 79 483 11 421 46 302 38 354 14 129 13 302
489 10 130 70 60 12 36 92 47 21 179 90 339 14 350 53 29 15 499 45 359 51 43
490 10 252 80 34 84 412 65 320 46 129 61 439 53 468 28 144 59 351 65 314 95 369
491 10 388 63 207 44 313 20 372 59 345 30 441 1 435 11 292 99 371 48 493 98 56
492 10 69 60 404 21 314 5 246 84 43 14 88 40 4 99 357 79 332 81 293 54 480
493 10 63 37 465 63 390 61 122 40 191 23 115 91 89 4 275 48 425 27 80 77 45
494 10 541 37 125 57 419 7 343 5 280 97 71 24 336 50 322 32 443 28 3 69 204
495 10 279 58 448 87 217 79 261 32 73 62 256 73 26 96 27 55 259 45 63 6 454
496 10 50 78 444 80 451 7 181 58 191 96 221 24 134 55 141 79 424 71 151 79 494
497 10 245 5 45 49 284 92 279 27 382 12 298 98 316 73 75 85 362 79 253 7 373
498 10 539 77 102 91 410 51 92 37 450 81 226 62 409 59 496 49 112 32 370 80 357
499 10 543 63 211 83 246 15 135 77 484 8 176 66 145 99 442 90 369 38 316 69 224
