0 27 91 54 347 68 208 83 2 55 17 12 217 30 328 97 481 96 2 63 337 91 456 52 410 55 293 8 456 6 258 96 458 46 301 55 373 14 219 65 70 94 261 52 385 40 209 12 172 89 310 38 99 24 228 88 78
1 27 759 12 261 8 280 41 42 15 346 91 167 32 460 59 194 24 353 51 243 17 381 58 164 40 56 28 149 28 494 46 364 17 391 72 361 16 5 75 346 93 82 81 87 61 75 82 178 86 218 34 450 19 311 93 431
2 27 1021 36 478 65 283 88 331 31 108 79 35 25 180 25 400 18 203 32 40 74 405 62 475 44 494 65 170 96 44 52 488 12 309 88 475 99 274 57 270 76 435 98 62 62 446 63 402 21 300 72 445 24 180 45 92
3 27 1133 74 50 39 399 95 398 69 43 43 70 25 246 67 34 65 244 54 4 85 494 70 296 11 468 66 423 97 29 87 426 55 131 44 34 54 132 27 486 9 260 86 120 29 364 87 31 4 175 41 268 28 27 25 372
4 27 873 4 373 99 463 55 485 85 122 96 328 36 129 9 66 32 14 61 76 17 51 24 227 57 474 54 355 20 195 28 235 61 321 58 369 75 415 36 413 21 429 46 392 31 425 22 343 40 42 57 65 64 448 36 86
5 27 1312 27 16 16 423 42 218 37 309 10 456 53 107 27 306 62 489 7 305 32 494 12 159 81 224 78 392 92 250 42 77 69 83 17 32 50 97 38 261 3 448 44 49 56 55 77 472 67 475 95 242 31 457 72 138
6 27 238 47 480 94 151 20 379 80 298 87 322 2 248 56 414 18 336 57 322 37 378 56 194 65 482 86 243 27 144 83 47 57 196 72 69 78 345 7 288 27 207 9 255 58 213 97 483 6 173 60 325 6 494 66 223
7 27 975 45 423 9 376 31 426 19 200 53 127 63 354 94 194 53 335 81 174 66 14 34 497 9 143 51 108 36 131 59 428 35 33 93 210 17 487 82 149 55 58 78 143 96 349 96 416 81 377 40 37 15 229 38 395
8 27 861 21 434 15 300 77 141 33 201 43 76 47 130 14 204 68 406 93 188 22 399 42 21 52 162 86 306 70 123 46 29 6 235 21 96 33 68 88 179 61 398 59 125 23 137 21 131 86 141 51 474 9 416 14 124
9 27 346 75 288 98 91 77 277 65 133 81 367 5 333 76 99 67 64 91 454 93 307 90 393 51 357 13 249 50 114 50 34 93 203 22 452 27 286 53 329 43 119 27 417 2 396 7 473 25 439 2 54 26 262 65 421
10 27 722 47 361 32 98 51 130 52 44 92 396 7 417 58 422 54 177 15 243 85 109 84 472 73 278 12 73 23 341 57 78 34 92 35 168 44 1 15 78 93 113 9 413 53 88 79 185 69 228 66 302 77 287 79 3
11 27 325 54 406 43 498 59 347 91 433 5 247 17 260 54 88 13 497 79 257 33 70 42 301 59 175 56 405 75 485 90 439 31 244 70 480 82 199 42 332 84 113 48 112 28 462 96 257 3 379 43 42 75 129 94 95
12 27 390 98 392 10 189 11 89 72 336 48 215 82 315 5 61 68 323 17 351 58 85 55 113 47 480 40 182 56 369 69 143 39 256 71 230 35 376 58 439 19 176 95 84 26 96 76 30 23 300 88 170 9 264 92 218
13 27 1063 2 216 67 277 87 94 96 455 68 218 40 251 58 256 26 43 7 445 12 270 22 176 2 400 45 98 63 270 24 216 87 293 6 14 75 476 94 78 80 60 5 426 98 380 46 22 27 138 59 323 4 138 69 35
14 27 850 42 44 22 29 61 398 10 449 65 454 31 60 29 92 57 110 84 264 76 15 99 175 97 465 73 473 79 250 41 46 93 72 52 216 10 373 88 247 8 463 93 322 17 454 7 365 57 462 38 396 15 95 92 122
15 27 115 46 389 57 449 6 259 70 123 33 136 38 478 32 219 35 372 71 154 33 69 85 200 26 7 40 166 78 400 89 358 28 134 15 377 73 16 67 195 89 154 20 178 4 374 33 479 50 277 58 465 68 168 69 285
16 27 198 37 342 56 164 71 259 93 361 29 99 99 424 19 427 14 203 81 432 97 47 1 285 91 236 43 413 93 339 65 386 64 47 48 20 7 489 80 58 18 251 69 212 46 248 98 76 75 25 97 34 62 467 59 19
17 27 1019 89 427 59 230 13 317 70 248 4 331 16 46 18 347 66 458 48 252 32 324 65 375 14 55 98 183 83 450 7 290 20 169 59 247 77 29 72 322 41 406 29 235 29 215 23 389 96 74 48 413 18 324 93 367
18 27 276 87 208 25 316 41 196 84 137 73 221 44 233 44 480 90 344 85 32 7 224 81 237 66 343 44 34 80 251 26 368 22 438 75 159 83 311 83 480 10 316 92 337 59 471 53 29 23 179 99 163 80 93 94 315
19 27 1093 99 211 65 396 57 249 67 240 83 175 6 474 72 264 66 55 25 494 23 476 1 388 38 64 74 239 38 187 81 47 58 429 69 433 55 18 69 369 40 386 88 130 52 341 38 489 23 42 2 85 51 87 62 434
20 27 418 98 380 91 370 75 458 96 160 32 70 51 120 1 213 72 217 1 406 75 431 80 232 19 231 67 156 43 106 63 45 80 147 36 261 97 407 60 97 55 190 33 75 46 331 46 407 78 471 21 277 2 374 91 418
21 27 936 25 221 11 489 29 11 72 25 3 129 54 490 67 130 76 100 45 410 42 211 76 374 83 88 13 170 69 357 53 177 61 330 5 77 44 101 80 14 32 115 76 185 64 107 46 361 94 93 47 188 87 5 35 84
22 27 668 23 68 28 336 68 472 90 191 48 27 23 376 78 432 41 469 79 486 92 175 6 121 88 157 1 150 31 376 62 486 23 196 76 455 72 282 28 457 60 412 97 283 2 215 84 328 68 457 77 183 89 390 71 331
23 27 232 65 37 82 32 68 275 28 381 72 3 52 19 41 306 14 174 8 404 87 443 68 499 76 2 61 50 36 214 82 36 22 299 98 243 24 403 6 148 92 50 24 57 5 200 44 286 11 356 29 368 82 116 89 206
24 27 442 69 401 88 21 72 249 93 172 30 15 61 451 30 188 18 322 10 393 95 124 13 242 5 244 63 210 51 67 27 239 70 442 83 174 57 163 81 228 60 335 2 248 97 481 1 471 1 260 39 397 17 460 1 276
25 27 1200 4 136 46 167 27 322 18 319 86 474 30 140 63 389 13 377 65 101 19 52 59 388 35 239 11 123 57 436 6 343 49 392 60 338 75 271 65 467 32 223 97 5 78 205 38 395 91 133 13 210 20 391 22 191
26 27 241 75 394 91 249 69 316 7 457 73 347 24 401 53 1 94 8 56 309 64 64 94 344 16 291 17 104 95 349 28 237 86 122 52 34 71 74 97 124 15 354 92 330 49 106 72 459 57 160 84 450 64 401 81 24
27 27 808 43 41 26 173 40 99 61 137 12 319 68 416 78 217 55 472 10 247 5 327 91 417 17 157 15 105 40 190 91 87 33 150 14 25 78 188 44 420 5 31 79 130 21 130 70 436 37 199 17 109 56 276 49 277
28 27 1181 26 184 26 309 11 308 23 100 46 185 57 489 90 189 7 214 34 440 17 163 97 149 13 141 85 159 19 386 51 1 44 163 4 110 15 4 29 182 16 237 38 7 42 219 27 230 79 241 60 72 39 19 55 104
29 27 878 49 169 58 12 70 171 78 17 1 162 67 393 39 317 80 487 86 400 11 392 32 177 5 192 73 492 85 52 68 486 53 166 2 311 94 483 46 4 90 33 14 370 49 301 65 29 71 476 76 480 41 151 41 353
30 27 1146 47 74 3 479 98 355 28 399 92 419 51 99 47 436 43 147 80 170 66 257 70 466 38 463 51 12 43 397 30 228 80 125 80 486 60 54 99 184 31 205 93 181 42 187 55 2 34 4 26 264 62 205 94 437
31 27 382 30 339 99 462 56 316 80 132 20 211 46 203 31 231 34 242 86 318 14 21 90 37 36 24 94 192 61 442 90 122 3 439 53 309 33 238 46 252 56 345 92 98 22 88 45 282 72 471 21 37 5 363 58 484
32 27 452 77 289 41 425 41 374 82 203 11 284 16 452 51 44 15 99 5 370 24 211 14 120 52 10 70 35 1 21 59 7 24 275 28 115 88 53 27 472 2 382 88 164 77 139 54 113 19 454 52 11 84 271 2 326
33 27 890 50 459 20 205 83 207 19 100 12 398 98 389 40 494 42 237 13 358 96 175 59 368 85 461 50 106 17 7 93 340 7 265 15 101 94 101 50 57 19 64 81 323 90 398 71 95 37 209 87 208 83 136 8 203
34 27 1365 92 258 20 57 20 478 52 94 50 22 4 62 42 71 45 265 13 186 25 342 88 176 17 314 69 24 44 164 42 199 69 160 42 82 53 20 14 306 86 443 74 284 68 126 3 194 55 279 78 36 60 98 5 375
35 27 626 39 54 57 39 18 260 67 481 17 28 87 137 97 488 30 17 96 176 25 251 27 93 66 319 55 320 15 4 13 144 27 117 96 141 2 460 30 53 35 247 28 374 47 81 41 323 92 253 27 120 21 276 11 240
36 27 921 69 360 89 237 2 456 82 148 1 275 74 376 46 62 37 400 27 310 83 112 82 330 38 294 52 145 16 402 88 154 70 270 81 268 5 335 34 280 3 189 37 497 43 343 4 262 96 393 85 192 46 274 49 271
37 27 608 8 24 43 427 97 363 3 81 70 162 67 90 69 148 10 493 34 305 4 320 76 398 69 167 66 65 44 119 46 120 64 341 23 445 82 439 58 90 26 419 98 131 8 344 83 102 85 346 55 21 6 99 13 319
38 27 490 72 423 84 98 89 455 78 225 66 199 2 34 40 126 78 75 1 54 86 254 79 378 9 448 69 415 34 497 85 272 24 208 95 44 95 209 31 423 86 450 16 362 11 189 26 185 7 417 97 313 64 259 15 169
39 27 522 21 112 26 51 76 327 31 486 53 421 23 64 95 91 11 177 91 74 1 266 52 94 86 154 54 20 42 424 48 23 90 491 63 47 14 61 1 357 23 453 26 344 36 343 80 154 93 192 8 337 36 103 22 262
40 27 1083 3 12 6 260 8 244 17 151 82 399 60 305 40 357 56 480 58 249 82 23 26 431 66 148 90 386 12 239 39 235 82 51 74 489 66 484 11 389 36 494 70 102 42 114 82 481 34 159 81 165 65 116 98 188
41 27 1080 67 366 81 147 9 416 50 331 57 291 16 27 29 427 5 118 29 231 37 70 69 151 79 386 50 57 14 455 88 163 69 9 95 436 72 231 63 393 69 244 55 391 13 166 93 319 17 310 15 292 3 212 80 425
42 27 717 12 226 81 273 66 410 3 171 44 8 25 55 20 119 86 168 66 404 72 320 85 241 77 164 42 134 91 472 52 374 13 92 35 176 79 20 73 268 38 307 61 352 10 214 10 408 86 154 93 78 33 209 88 282
43 27 186 81 331 99 374 83 1 59 309 41 438 77 143 58 278 31 56 31 30 60 222 36 466 41 206 17 366 7 146 44 268 72 461 87 176 65 31 85 200 25 60 48 80 93 99 69 404 30 264 97 464 81 124 34 406
44 27 384 88 414 57 328 82 226 64 198 76 198 96 222 18 193 74 491 3 387 65 172 44 171 87 150 7 487 48 164 58 235 38 407 79 404 10 338 9 238 68 16 15 280 73 354 96 69 97 458 23 354 53 438 83 108
45 27 1199 41 210 12 169 67 378 90 425 63 41 57 383 57 27 43 9 70 465 10 96 25 446 31 47 30 152 70 124 98 437 66 224 4 404 13 54 23 424 91 73 12 334 97 457 14 431 44 405 77 308 76 56 88 333
46 27 405 46 453 24 185 27 221 71 367 14 243 5 486 67 397 82 145 46 210 57 329 8 101 60 64 49 425 35 221 80 79 31 468 96 292 59 341 20 371 72 401 73 185 17 177 83 137 13 485 52 451 78 168 97 324
47 27 775 38 404 70 419 73 278 56 475 52 259 44 185 94 119 92 34 80 477 54 35 35 146 91 65 90 27 35 327 74 320 30 73 92 204 85 120 59 88 81 315 40 429 54 465 50 225 93 62 9 315 8 479 45 290
48 27 1079 74 238 18 257 29 299 17 431 90 195 32 195 36 433 29 437 59 459 57 222 39 431 25 279 63 199 24 206 40 354 2 123 68 290 45 84 80 131 42 153 32 143 92 303 69 145 58 19 32 379 94 443 28 341
49 27 868 14 15 5 62 69 142 95 368 27 254 58 71 37 60 9 456 68 170 94 354 9 474 28 47 35 244 61 47 95 334 52 163 33 295 85 184 87 98 99 114 95 101 94 456 63 321 65 468 80 284 28 397 88 19
50 27 1307 62 473 35 19 11 472 9 48 20 385 73 108 58 453 7 71 48 279 31 306 46 34 70 480 32 295 80 448 76 489 79 116 56 12 44 40 2 497 89 291 26 165 21 369 27 194 63 8 31 53 44 490 35 423
51 27 106 2 485 99 208 9 298 43 89 55 146 72 437 8 139 43 374 68 381 24 4 86 28 53 316 91 183 7 310 37 141 60 353 85 56 36 265 21 382 1 494 26 10 33 188 7 90 93 365 94 152 48 162 15 346
52 27 914 48 404 42 226 16 27 36 143 28 28 44 465 58 297 65 408 56 457 97 121 22 34 77 436 14 182 45 134 30 83 90 365 2 369 80 325 69 340 97 474 63 25 7 56 45 326 85 208 61 322 16 99 56 448
53 27 317 99 17 91 2 63 27 38 330 3 418 40 459 83 192 71 99 94 370 25 198 13 308 95 251 51 52 79 102 87 223 20 54 44 122 70 76 14 369 51 404 10 120 23 498 30 304 73 164 8 473 44 439 57 176
54 27 1279 46 313 13 387 74 372 42 368 51 384 18 213 19 79 99 147 72 492 34 81 66 480 18 399 55 239 93 380 87 406 31 1 86 72 48 4 17 403 5 498 94 76 26 281 22 37 6 322 98 118 19 283 20 379
55 27 143 33 497 24 117 68 185 38 110 48 201 38 40 8 278 9 115 52 254 17 140 68 344 65 378 65 127 82 448 56 492 58 53 78 221 93 243 82 451 61 204 68 54 42 410 19 469 59 312 93 57 35 244 39 163
56 27 1290 81 158 56 365 64 163 53 457 25 20 86 457 96 343 11 45 81 458 57 86 17 244 73 434 77 300 37 327 96 464 14 77 21 289 28 394 79 168 25 77 67 392 92 43 56 322 17 277 6 293 30 14 86 277
57 27 1256 74 461 57 316 28 148 68 83 58 76 18 89 78 95 57 341 22 371 46 387 94 434 96 366 56 342 99 412 1 30 57 168 57 133 19 409 49 339 41 378 46 384 66 480 42 248 54 454 87 22 43 335 35 146
58 27 578 32 261 56 60 79 239 58 369 24 38 70 384 42 324 72 490 37 167 26 349 66 69 21 470 82 1 43 331 43 396 99 87 10 360 67 290 36 230 80 1 93 395 48 42 42 32 5 281 62 470 66 202 89 201
59 27 577 50 38 77 132 43 251 78 90 57 145 28 169 17 123 48 274 81 297 75 15 8 408 26 313 71 236 57 139 29 169 95 49 55 205 42 200 39 370 7 357 67 494 82 356 99 159 26 98 41 437 45 3 25 401
60 27 570 1 381 71 420 89 460 98 499 16 151 4 73 98 358 11 213 60 120 74 120 12 150 33 62 9 60 10 47 57 187 72 344 69 233 10 451 74 161 5 479 71 19 57 356 24 497 62 171 99 61 66 389 35 94
61 27 1254 42 107 58 438 53 101 47 270 89 24 93 203 75 398 66 194 36 458 37 356 72 457 14 335 94 119 86 328 11 329 76 242 59 474 23 262 62 211 95 480 82 49 53 29 83 379 53 368 48 161 32 339 79 227
62 27 918 53 307 23 332 14 162 22 425 3 68 33 58 87 330 49 395 88 17 97 485 73 19 82 296 84 312 11 322 41 11 68 53 14 333 77 118 14 419 4 269 13 279 29 22 4 135 69 244 43 127 66 393 86 289
63 27 157 45 492 23 171 3 408 95 210 69 406 76 437 90 114 19 360 98 433 56 365 99 432 26 293 20 268 26 459 25 64 85 246 12 239 43 465 90 57 5 315 65 222 70 454 16 280 27 337 97 167 63 351 71 159
64 27 1272 56 188 97 314 10 5 78 104 82 255 5 291 94 436 62 103 97 230 84 15 50 362 72 477 61 59 56 428 29 138 43 132 51 337 56 24 20 75 93 272 82 91 32 229 85 150 88 313 66 421 72 498 39 239
65 27 1006 48 477 2 49 81 31 21 201 35 106 18 402 25 213 76 412 33 45 24 28 9 31 35 290 17 266 30 373 50 355 28 227 40 305 21 7 26 354 13 178 71 10 7 162 11 44 68 428 23 381 59 214 90 272
66 27 1341 13 462 3 65 32 429 72 315 91 156 10 43 50 332 85 167 23 449 66 280 37 109 31 436 10 176 62 112 5 274 57 186 73 18 14 64 5 463 21 125 5 185 17 436 42 290 53 445 47 441 22 61 32 378
67 27 1249 76 402 95 490 95 94 15 15 57 378 93 377 74 355 53 98 62 281 5 313 93 195 46 452 55 25 63 259 54 24 66 212 50 108 85 150 66 281 71 452 31 397 34 109 26 431 50 31 75 347 67 82 71 405
68 27 649 84 366 8 324 65 120 89 382 91 220 8 249 51 71 28 68 2 218 78 415 38 369 19 217 9 39 31 414 3 251 21 31 86 174 97 367 13 107 91 158 50 369 8 228 3 184 46 9 34 420 8 435 76 475
69 27 407 18 303 78 441 23 433 88 468 98 371 33 290 56 374 49 366 72 188 96 372 99 51 58 165 29 237 84 205 77 98 74 451 9 309 29 481 48 462 50 329 95 38 34 151 98 398 32 372 1 187 19 87 13 401
70 27 136 57 443 92 308 45 152 51 63 68 42 28 111 15 231 89 376 87 153 67 46 74 101 69 296 62 336 19 373 12 19 17 303 39 94 24 70 94 205 62 80 89 457 33 55 71 431 40 337 79 86 27 279 7 472
71 27 491 16 358 16 407 59 390 98 15 70 148 42 248 4 55 29 21 47 348 47 76 37 113 27 305 31 327 96 78 18 23 35 205 2 224 98 272 40 258 37 447 72 99 24 160 21 182 69 111 11 349 8 150 64 179
72 27 901 11 212 98 189 57 426 92 28 63 365 44 313 38 44 48 428 43 312 50 80 45 323 92 385 99 57 58 268 85 247 60 63 66 340 56 136 99 161 77 105 50 401 21 128 67 463 84 179 46 93 24 103 46 321
73 27 288 22 455 89 417 7 246 45 411 61 230 20 224 57 174 22 201 2 122 36 176 62 156 5 22 92 437 53 40 24 234 86 269 28 71 45 220 20 218 66 288 92 473 2 28 59 128 65 192 7 68 73 59 11 241
74 27 484 74 281 26 209 31 365 46 351 88 106 20 159 80 367 85 469 12 45 87 108 17 242 46 170 72 160 65 413 78 22 19 129 34 101 56 422 35 2 82 283 3 91 51 358 74 241 29 151 81 270 66 397 19 83
75 27 1274 86 310 14 169 94 152 88 238 53 217 73 348 64 52 17 201 2 487 10 348 97 162 86 278 53 185 74 432 56 444 84 14 22 318 36 241 71 446 69 240 57 16 66 56 29 191 42 477 74 478 95 168 33 183
76 27 1161 94 339 3 359 60 67 18 4 1 283 50 11 56 463 45 204 53 125 74 221 65 267 90 497 44 378 22 223 15 286 81 368 40 216 52 228 44 319 25 268 92 54 76 365 34 3 17 404 89 499 37 154 87 348
77 27 942 39 298 51 212 9 400 43 393 61 45 55 378 88 219 51 60 18 54 83 40 99 212 99 205 28 223 27 406 72 43 19 279 17 414 16 98 86 288 66 349 28 382 91 118 72 497 35 445 9 129 57 90 2 23
78 27 1210 5 150 66 459 11 346 39 317 41 60 53 54 87 63 44 249 19 216 53 103 98 262 94 464 74 398 92 313 28 9 19 151 29 78 92 161 8 311 51 405 72 313 13 97 79 35 80 43 3 493 30 454 92 152
79 27 864 96 229 99 381 74 320 68 49 52 345 94 51 40 308 14 86 97 396 46 438 88 4 89 383 54 99 3 13 21 15 81 108 38 22 84 438 80 245 12 295 97 292 20 120 40 488 51 207 53 244 62 358 80 462
80 27 128 3 486 18 39 98 374 46 9 95 454 17 139 35 27 16 179 4 498 9 411 47 407 41 42 84 272 2 415 28 139 72 149 82 434 1 142 46 136 83 53 83 227 30 38 3 274 69 10 92 408 88 377 46 84
81 27 309 39 440 39 110 74 415 61 245 55 127 11 405 90 343 76 73 73 234 62 78 38 191 89 188 28 330 82 18 94 63 55 349 48 24 84 37 33 404 18 79 19 169 79 204 73 339 26 217 35 343 33 117 28 113
82 27 983 80 319 14 300 37 446 21 190 85 304 75 165 10 228 91 488 68 98 16 274 66 320 49 355 74 54 53 56 31 8 91 215 39 367 59 241 96 339 17 60 57 214 32 230 69 434 8 246 95 65 8 151 47 151
83 27 136 93 331 23 159 50 60 21 152 91 217 83 240 39 468 46 192 75 35 65 303 7 131 39 423 68 208 66 136 72 154 20 488 22 64 33 63 69 223 65 427 75 82 49 281 33 390 90 482 93 64 10 122 92 476
84 27 1067 53 417 82 238 66 497 30 186 42 450 38 274 57 53 40 91 90 214 9 279 32 438 90 378 43 133 92 314 28 40 73 347 34 158 34 216 58 254 64 299 79 496 19 19 94 486 99 312 76 370 15 237 13 163
85 27 244 38 483 29 90 9 187 29 19 35 245 80 67 95 232 54 80 9 191 50 170 32 264 53 76 72 2 80 136 11 142 47 206 87 419 59 448 76 185 3 157 89 398 13 212 39 118 49 343 96 360 62 443 77 305
86 27 802 85 194 39 347 63 174 59 450 45 105 62 194 63 271 59 37 98 495 43 193 42 295 88 225 46 168 95 365 26 259 70 35 91 48 36 74 88 128 66 294 96 228 75 48 84 43 85 424 74 27 67 262 1 218
87 27 794 39 319 61 72 34 80 68 108 62 209 11 229 40 39 16 332 28 410 51 76 85 209 17 65 54 232 97 190 17 143 89 264 26 183 62 314 8 236 57 180 61 74 94 294 60 215 85 260 53 61 17 298 98 234
88 27 315 45 93 77 321 58 399 83 308 7 358 19 150 95 356 83 190 52 414 61 445 7 362 32 397 20 462 74 470 70 339 53 133 81 333 24 64 10 284 80 487 54 49 55 141 29 84 4 113 47 63 4 212 67 356
89 27 547 50 78 9 300 53 391 85 224 99 279 90 115 8 327 44 269 13 298 56 235 22 367 90 286 30 444 47 374 73 302 68 316 18 467 81 222 28 269 77 82 59 485 47 13 3 491 88 438 6 192 65 351 30 117
90 27 946 47 3 69 429 38 148 1 422 79 291 41 475 87 265 69 493 93 364 73 93 99 242 5 1 6 407 71 138 10 3 32 403 18 225 15 270 93 415 26 222 41 187 89 135 76 255 59 474 77 370 62 63 71 173
91 27 608 53 339 76 387 92 259 4 276 15 478 89 140 65 295 7 269 91 431 69 66 15 417 16 351 69 252 6 81 22 368 22 173 86 133 53 81 11 67 48 1 4 44 29 160 50 293 36 83 61 473 4 281 58 318
92 27 1325 41 392 79 256 4 437 27 404 45 69 86 303 33 7 8 449 43 347 73 296 40 477 93 377 32 288 74 121 11 461 83 141 69 362 35 261 89 126 14 90 11 496 69 29 47 332 87 222 92 147 68 162 67 469
93 27 1216 10 39 29 397 87 495 22 199 63 283 71 133 81 188 16 196 78 433 63 386 35 58 25 48 32 57 79 482 75 66 85 323 88 144 42 107 66 442 91 376 32 323 21 396 45 201 13 167 82 348 6 308 26 96
94 27 1271 56 448 69 20 70 169 77 347 30 473 70 350 40 286 97 4 59 324 26 408 5 46 60 44 43 435 76 208 38 29 37 96 46 155 99 37 6 303 7 344 11 431 72 454 46 448 29 138 19 354 73 154 12 275
95 27 1107 80 272 90 182 63 288 79 5 92 145 20 170 82 301 31 465 12 463 41 494 91 486 97 332 15 430 41 235 96 196 16 52 19 400 9 205 95 106 97 213 46 211 93 294 10 109 72 188 92 458 51 240 75 130
96 27 1387 52 55 56 222 70 437 15 57 34 410 82 118 65 40 95 340 12 260 60 26 77 308 81 469 43 391 81 481 24 104 8 49 4 378 72 432 88 332 31 305 57 273 32 374 4 406 45 247 69 169 15 188 78 65
97 27 438 52 349 45 203 17 111 96 287 3 107 36 124 52 378 17 61 74 32 21 255 27 71 18 230 38 394 86 223 41 9 74 260 26 400 39 462 64 145 55 160 22 354 6 172 17 194 72 489 32 426 19 378 40 197
98 27 70 29 193 33 135 33 35 1 341 45 320 50 300 76 377 50 395 37 448 26 208 84 268 29 387 19 442 18 479 89 465 73 78 6 89 16 61 78 212 55 295 24 351 34 219 53 337 96 195 41 485 49 55 45 380
99 27 600 87 77 2 321 6 429 68 315 1 273 34 69 75 311 95 9 50 431 85 280 76 219 43 31 58 235 98 341 68 251 27 344 10 14 78 491 68 50 51 357 39 272 10 108 71 382 14 6 90 165 57 264 65 172
100 27 316 62 113 99 453 20 117 7 178 9 254 43 172 38 3 76 461 77 225 94 210 72 149 68 241 96 87 67 426 43 19 5 443 51 52 88 111 59 32 31 475 88 13 22 42 48 345 2 119 62 419 32 50 12 499
101 27 70 52 463 34 44 61 197 60 305 22 1 50 370 29 374 96 173 4 468 24 28 42 247 40 142 33 313 60 222 43 10 91 157 46 373 4 66 87 371 92 193 41 492 39 236 93 308 77 303 92 394 87 395 62 403
102 27 612 96 345 14 440 51 159 21 434 86 374 52 95 53 34 66 218 29 152 56 451 51 70 83 478 26 3 86 178 32 192 12 203 37 145 18 332 54 191 96 212 62 183 60 6 96 63 39 403 60 129 30 1 43 211
103 27 1076 1 277 98 214 3 288 66 420 54 277 23 398 76 96 95 204 2 284 13 282 8 361 89 96 58 259 39 234 76 486 17 286 36 205 69 32 24 122 70 233 22 395 41 100 81 279 26 29 51 208 16 184 89 51
104 27 1174 11 160 29 145 96 288 39 484 68 244 80 177 8 404 90 97 70 251 78 190 52 2 56 43 1 419 62 213 14 494 74 388 79 436 78 35 88 4 58 82 96 454 82 158 37 129 71 83 85 457 83 281 73 240
105 27 623 12 400 31 400 16 30 83 143 36 186 53 202 36 407 37 4 47 415 76 136 99 242 65 330 98 90 33 234 68 303 15 223 19 422 11 437 43 205 67 287 10 56 56 440 58 440 93 374 43 393 78 494 67 6
106 27 194 48 481 39 263 27 305 34 292 23 470 26 150 17 362 81 77 59 389 62 79 75 180 10 42 44 116 86 248 81 357 12 157 33 101 59 230 17 206 40 327 20 276 30 271 90 163 89 294 28 308 23 285 11 225
107 27 743 96 496 5 10 40 25 43 140 83 448 47 415 93 156 17 246 74 166 69 19 51 450 50 382 14 26 31 77 76 140 53 365 9 492 47 13 1 310 61 215 24 215 17 426 48 210 64 136 60 53 27 390 66 170
108 27 787 46 63 26 116 18 32 50 482 51 116 58 419 10 438 47 159 28 84 62 332 48 407 91 313 64 206 36 138 41 361 5 148 47 140 31 83 52 433 49 117 24 132 41 404 94 62 86 120 11 370 27 51 52 105
109 27 1030 79 212 77 402 79 72 33 303 51 473 91 30 91 70 55 81 66 261 77 150 81 494 65 327 18 458 86 43 1 299 79 268 9 417 76 42 81 304 38 14 22 456 38 254 91 179 63 325 52 477 91 54 71 184
110 27 1286 9 21 3 274 56 485 91 452 8 384 87 17 23 288 90 305 61 147 55 378 13 473 37 239 34 266 47 155 62 222 10 333 79 416 29 497 91 482 41 293 94 141 81 48 18 459 23 177 88 8 25 246 10 290
111 27 1252 85 128 1 476 60 64 28 203 51 394 3 146 35 12 39 298 14 99 4 240 49 335 4 271 27 221 84 432 98 301 40 205 71 111 5 84 86 279 28 15 66 279 92 383 69 260 87 208 42 128 6 240 82 130
112 27 135 15 288 39 234 67 96 97 182 28 98 60 490 7 402 24 88 16 250 6 483 42 283 51 216 51 268 53 95 5 142 71 469 99 480 94 176 26 95 48 407 21 16 2 473 52 400 48 29 91 480 37 92 97 389
113 27 1178 88 481 14 443 54 20 78 403 55 93 27 437 18 260 49 295 98 416 15 488 19 61 63 385 10 32 77 90 29 443 5 14 55 430 82 6 21 433 15 92 94 141 90 194 70 315 59 407 76 118 65 491 55 161
114 27 64 65 14 9 345 91 12 38 202 51 445 40 24 46 457 12 400 12 277 15 307 88 300 48 224 49 378 43 438 59 135 9 240 39 199 88 427 86 352 72 337 60 487 95 167 69 24 91 274 52 25 43 246 17 321
115 27 1239 59 34 54 227 22 409 4 53 64 261 56 477 54 29 35 230 33 207 82 383 26 498 39 497 29 68 97 369 54 202 85 459 66 175 96 444 7 281 12 452 14 151 45 439 57 349 49 423 88 335 5 363 16 471
116 27 1193 77 120 52 304 28 202 46 21 18 329 82 222 92 328 83 339 53 248 92 325 18 108 95 98 30 125 32 93 11 13 35 391 68 407 86 347 42 162 61 179 88 395 23 267 4 398 51 144 78 407 74 243 85 385
117 27 775 34 100 18 469 85 169 70 270 74 310 11 32 70 295 46 39 73 253 19 472 68 448 7 495 93 373 57 60 49 261 50 124 7 90 10 367 15 193 64 69 70 30 69 231 67 240 4 479 75 37 45 129 58 234
118 27 503 50 309 49 193 91 70 99 415 87 88 31 170 30 63 17 55 87 488 49 193 37 274 63 442 2 479 48 134 85 199 98 296 43 436 46 47 89 360 19 272 1 93 86 442 79 438 21 343 75 356 31 254 7 97
119 27 697 70 214 11 200 71 435 38 421 28 11 19 31 32 484 45 156 96 256 95 291 27 205 62 299 64 274 71 367 14 100 92 44 78 357 25 225 93 244 27 80 66 118 87 266 68 352 32 253 24 116 16 459 82 295
120 27 1167 7 274 3 407 79 38 57 378 87 158 9 100 30 434 19 23 25 78 80 284 89 53 98 470 10 322 85 374 82 26 67 476 24 366 44 475 63 401 91 89 91 338 74 463 83 374 36 235 78 180 51 254 17 213
121 27 982 29 318 19 217 47 348 88 317 24 162 44 6 73 105 32 72 2 162 47 34 71 384 36 372 61 370 22 202 88 499 93 298 68 68 38 489 19 25 62 172 79 113 72 271 19 120 53 261 56 223 36 395 17 444
122 27 638 75 163 81 322 42 145 42 470 32 223 2 451 36 62 17 247 75 49 16 173 10 361 54 277 26 456 55 44 39 435 47 424 25 38 78 141 7 72 20 119 15 190 52 159 55 321 22 379 71 164 74 193 82 59
123 27 333 16 485 68 391 45 276 97 317 15 320 67 110 6 327 28 51 58 242 95 379 44 435 37 129 38 121 15 492 81 369 47 103 73 114 82 5 70 176 70 224 24 214 5 213 58 115 44 221 94 407 68 69 36 205
124 27 894 78 13 76 403 8 270 47 172 20 65 14 421 12 390 34 163 45 377 33 380 94 244 50 172 22 345 68 369 41 83 82 437 99 37 2 390 46 101 20 213 5 148 77 16 30 320 32 255 68 327 53 229 83 4
125 27 665 84 478 95 109 69 260 97 11 11 221 41 450 73 166 99 226 82 495 72 86 76 326 7 377 61 156 7 81 86 38 80 397 99 308 80 337 82 158 23 442 30 279 96 105 93 32 73 121 27 184 48 425 65 33
126 27 361 12 97 5 27 58 7 53 92 53 79 25 380 31 10 61 210 18 170 43 299 53 280 86 384 25 216 88 162 93 170 71 491 73 170 52 376 53 335 16 21 8 367 4 132 1 181 3 88 19 309 41 340 45 165
127 27 518 64 456 8 421 26 21 72 200 20 355 88 173 58 489 84 70 80 445 12 487 9 148 56 109 86 282 8 111 57 179 20 397 57 89 12 354 52 399 5 448 19 341 80 185 79 399 49 261 10 127 87 84 15 279
128 27 796 86 280 62 252 14 19 49 236 29 244 70 129 7 29 57 140 78 14 67 323 15 90 33 94 36 107 18 103 70 119 5 39 21 292 26 336 89 334 63 27 90 35 38 222 18 471 23 455 4 469 71 206 10 347
129 27 459 59 260 64 84 66 445 95 437 8 372 15 39 55 255 27 474 48 200 26 364 31 140 36 243 66 406 27 49 92 135 9 125 96 127 17 399 20 236 97 22 51 219 6 426 1 282 16 450 52 112 57 483 51 105
130 27 688 53 389 86 305 62 399 56 373 34 399 93 227 86 320 64 399 17 141 87 497 42 235 63 490 17 312 38 76 80 281 24 156 41 270 50 211 14 110 74 67 45 369 4 194 40 236 74 223 13 162 43 110 94 83
131 27 703 42 165 70 85 49 154 74 457 59 139 48 133 3 61 15 340 37 349 77 231 1 480 48 447 22 262 25 119 33 206 53 172 49 379 5 262 89 428 4 178 64 356 42 55 35 396 20 406 49 225 26 461 72 366
132 27 667 21 116 97 193 96 468 67 142 3 103 74 408 77 150 89 448 60 56 8 248 24 188 88 115 98 135 12 302 38 494 50 434 58 495 1 168 19 69 91 371 69 395 65 415 30 366 9 211 38 159 85 73 13 356
133 27 352 2 16 91 250 11 406 1 283 65 202 89 437 75 185 90 174 13 60 69 270 11 270 27 382 40 96 95 491 91 172 27 387 9 290 92 476 93 128 92 52 37 287 95 306 83 91 10 413 90 364 95 108 95 166
134 27 67 17 190 46 118 55 171 78 343 43 474 53 234 15 341 87 455 75 335 32 134 3 498 45 330 57 3 46 114 1 367 45 179 57 42 43 197 49 279 92 178 99 267 37 36 53 424 96 132 28 347 23 162 9 468
135 27 89 72 341 88 473 97 135 23 159 77 473 62 74 48 1 46 50 25 362 6 127 61 420 80 174 36 72 7 275 10 86 40 338 17 311 19 316 49 330 44 487 98 245 61 28 97 494 28 157 55 243 44 85 96 58
136 27 1224 29 363 66 440 3 226 26 342 37 20 89 345 54 210 6 6 21 487 59 59 8 235 70 461 43 455 11 162 66 203 48 148 50 113 45 111 24 62 32 284 63 408 85 436 67 325 9 261 97 343 75 476 9 459
137 27 794 59 360 41 459 73 428 67 403 70 313 74 96 38 428 46 489 50 217 66 483 12 475 64 491 70 363 37 432 36 490 99 219 16 44 52 425 51 158 80 217 25 18 89 56 38 200 96 87 35 97 78 402 55 259
138 27 351 33 123 47 176 64 128 24 329 31 52 40 327 40 387 11 117 3 168 81 384 92 179 13 323 84 467 59 274 43 474 63 260 24 176 35 176 72 70 37 353 86 63 56 245 7 411 73 288 19 290 6 188 34 456
139 27 546 15 152 41 6 88 33 87 334 47 274 87 363 90 32 76 399 2 43 69 290 40 421 85 75 13 162 79 130 75 385 61 46 52 62 94 180 92 223 41 279 66 418 58 292 27 87 19 92 10 98 39 71 33 141
140 27 757 74 446 90 437 91 261 19 286 65 142 21 193 28 234 82 308 93 248 88 115 87 307 68 472 87 452 36 337 92 405 81 341 97 118 4 279 82 215 34 165 15 367 57 420 45 23 51 344 20 361 72 438 85 423
141 27 892 39 250 53 19 1 120 66 459 21 309 90 409 55 301 85 319 37 207 7 252 52 467 8 59 73 78 78 73 83 454 5 193 34 351 63 425 53 91 66 386 57 11 66 370 85 423 10 306 5 448 96 205 7 378
142 27 524 81 378 98 15 99 356 66 310 10 288 25 257 91 280 25 245 70 292 58 164 80 385 84 170 42 492 98 333 46 275 16 440 13 405 99 316 90 471 95 95 73 25 5 323 6 321 59 314 46 401 25 292 68 94
143 27 430 96 392 26 244 56 131 97 285 87 98 77 275 16 229 53 428 48 302 18 136 92 311 65 183 22 94 78 127 44 144 1 148 35 113 77 73 4 78 25 42 36 431 59 367 79 471 19 212 41 196 8 294 31 62
144 27 1375 62 224 95 490 29 206 70 214 31 59 99 241 49 216 89 331 53 125 32 227 50 256 47 165 60 202 36 295 47 224 78 270 86 172 82 453 80 496 25 17 3 435 87 53 81 426 22 280 8 169 68 162 75 368
145 27 382 33 398 5 493 37 72 33 145 43 115 83 80 50 274 73 55 29 7 55 108 17 354 86 159 56 90 99 350 21 176 52 54 51 2 7 37 52 440 78 219 63 370 58 355 63 187 14 234 16 123 82 60 16 238
146 27 379 22 499 24 382 84 484 83 348 83 113 13 347 47 218 46 401 32 110 43 467 88 266 27 476 17 342 58 179 62 8 90 495 52 485 58 155 17 473 48 132 91 327 75 340 46 158 56 434 42 262 78 499 62 348
147 27 415 57 152 64 371 85 82 91 483 21 258 52 231 67 285 66 444 2 255 56 66 36 456 89 51 74 459 25 371 69 259 4 461 80 214 22 96 48 306 19 68 91 129 12 468 46 282 6 451 41 426 38 101 25 339
148 27 626 95 179 76 494 61 186 86 131 12 454 10 159 14 191 20 314 2 98 17 345 52 85 61 390 63 400 92 252 86 314 22 219 42 195 55 326 98 271 31 221 13 422 42 187 39 122 5 151 91 216 54 408 59 484
149 27 294 78 410 26 297 59 467 8 289 95 213 37 181 16 411 97 496 65 5 99 230 2 218 30 311 23 421 68 85 76 386 48 3 71 483 95 420 25 447 38 27 2 89 7 149 53 256 36 441 2 260 63 385 9 46
150 27 937 85 14 98 28 99 258 77 456 69 155 5 451 18 18 30 331 5 217 88 59 34 300 67 410 84 140 65 289 64 390 31 327 28 212 98 106 53 166 92 456 40 279 10 189 99 321 83 367 9 306 11 147 17 99
151 27 278 33 249 89 38 60 173 12 411 76 450 8 454 54 457 56 401 43 369 54 227 76 384 81 139 56 21 87 310 65 253 91 483 97 325 76 488 20 494 63 489 69 210 47 476 12 155 85 495 42 148 12 141 75 496
152 27 559 71 149 22 396 61 125 36 158 37 427 41 297 15 78 86 148 59 141 25 266 80 232 77 497 27 54 23 7 82 481 20 150 68 166 13 190 40 476 8 244 62 265 75 122 3 274 72 453 79 334 21 258 17 9
153 27 277 55 2 35 191 47 382 67 210 95 454 97 244 96 347 46 104 94 60 39 82 68 252 27 274 31 376 72 302 4 194 11 17 80 310 85 351 40 444 92 265 97 384 15 421 91 191 80 43 74 437 29 281 1 203
154 27 388 54 288 1 85 19 424 91 333 56 285 76 135 62 209 59 442 19 199 18 182 45 345 66 491 61 283 27 203 78 167 24 464 59 384 83 76 45 178 46 421 84 59 79 263 98 177 98 99 70 371 85 12 16 63
155 27 911 75 128 48 414 80 479 25 233 58 119 23 340 42 5 6 281 70 94 9 172 54 315 41 238 82 89 60 331 38 383 3 153 60 66 53 298 49 59 12 23 30 216 98 333 80 260 19 482 35 203 24 137 67 428
156 27 403 54 336 65 453 16 35 29 414 30 66 77 8 17 149 57 18 39 257 56 400 48 272 93 282 56 362 27 389 37 18 8 374 66 262 8 301 73 325 35 245 14 308 65 101 71 262 5 387 65 396 14 485 68 16
157 27 525 91 9 58 69 38 114 88 437 16 18 14 198 9 130 9 41 17 382 13 1 2 95 54 231 57 1 83 130 21 405 74 149 96 358 43 215 77 468 60 260 38 73 95 126 17 58 78 3 29 214 8 170 29 425
158 27 547 10 108 97 471 53 144 70 468 86 414 71 346 70 374 76 470 27 219 51 232 86 128 37 372 66 245 1 256 61 161 11 25 31 190 69 498 25 188 62 269 57 239 61 330 64 244 41 209 45 276 36 269 46 398
159 27 662 48 16 72 214 48 115 66 135 2 158 91 284 40 150 35 170 83 108 12 487 60 310 57 70 60 284 22 496 34 453 68 475 29 456 30 214 24 46 44 248 85 84 19 442 52 54 42 112 81 252 91 167 4 265
160 27 657 43 468 2 97 37 386 23 488 87 129 23 440 70 209 73 172 86 259 62 77 96 303 62 301 22 160 41 468 2 361 7 457 2 345 42 45 85 132 21 318 20 409 50 10 49 227 38 478 76 252 35 6 28 260
161 27 730 12 379 94 301 7 105 39 342 87 189 42 319 66 342 38 58 10 415 1 390 32 294 60 401 6 36 17 34 23 136 68 352 23 213 43 277 45 335 65 385 26 449 47 117 73 116 34 314 70 29 90 81 16 191
162 27 283 83 163 99 496 96 51 68 242 67 286 67 429 76 365 59 423 6 490 94 231 57 182 97 198 8 443 9 251 95 152 24 374 70 43 69 263 29 471 73 14 67 3 68 294 41 477 83 19 97 138 61 139 67 277
163 27 1388 84 33 42 482 48 182 85 419 12 10 22 143 78 167 65 414 64 366 34 232 16 149 48 334 82 191 91 273 46 127 90 91 15 336 33 222 3 347 54 364 91 286 45 81 89 220 4 198 99 291 57 464 93 11
164 27 602 90 23 18 447 86 242 37 138 29 286 72 395 3 348 7 151 59 228 78 119 90 52 20 182 5 160 36 412 80 97 16 353 5 64 41 148 99 282 81 327 14 449 7 323 95 412 50 194 39 67 21 297 90 272
165 27 945 58 373 6 192 6 133 21 288 51 27 92 206 30 495 87 486 77 446 89 361 59 50 53 30 14 292 85 279 23 220 19 106 60 278 54 273 36 25 12 140 84 280 51 174 31 493 41 170 52 56 5 85 94 12
166 27 1342 81 291 97 96 90 54 65 6 2 40 18 405 44 135 89 158 9 80 90 54 8 271 7 66 85 346 20 181 53 127 12 48 4 387 75 497 3 374 11 24 3 198 17 431 74 32 65 422 7 70 63 302 70 498
167 27 570 50 381 1 259 13 321 10 499 34 427 57 400 22 497 64 362 14 421 25 416 63 313 53 173 82 45 36 147 71 96 51 112 13 389 37 338 85 207 22 372 49 187 58 378 74 156 84 195 70 144 71 303 56 488
168 27 1167 46 209 16 142 66 100 99 263 69 58 21 20 99 28 6 12 39 489 19 312 85 92 30 320 36 30 28 127 94 397 84 298 81 417 99 54 62 105 41 410 69 123 22 452 40 200 97 440 39 378 62 435 88 457
169 27 1206 29 313 72 146 16 172 74 345 1 417 63 399 30 273 12 69 41 450 38 447 21 155 80 291 61 257 69 386 31 487 56 214 16 467 77 420 56 115 85 332 2 386 33 382 46 84 44 338 43 326 58 360 78 275
170 27 811 9 338 38 65 89 154 84 99 78 469 16 370 91 146 23 183 20 448 92 393 36 452 6 186 9 25 46 169 76 54 54 317 76 493 85 41 88 363 7 74 63 440 3 124 9 476 93 303 22 155 75 301 99 443
171 27 1049 14 315 40 253 28 119 81 379 32 277 29 366 20 309 37 107 7 42 91 371 33 358 39 317 39 476 70 292 46 71 91 488 28 329 23 397 90 142 47 130 74 143 58 213 83 301 27 428 51 133 39 142 53 227
172 27 846 27 318 46 1 70 437 11 485 92 267 24 415 22 179 87 357 30 232 97 16 32 233 30 443 46 398 53 422 87 246 19 130 4 385 10 197 45 340 11 439 76 247 2 32 8 208 87 71 60 332 11 301 53 396
173 27 369 94 447 15 110 31 257 67 24 51 99 51 364 10 285 94 43 45 245 57 114 38 288 31 236 68 363 4 307 68 411 72 250 48 392 13 400 94 251 29 146 96 401 77 411 15 325 82 341 59 201 61 409 64 489
174 27 1050 80 289 27 362 55 15 61 472 79 429 94 124 93 80 12 211 72 360 68 263 12 489 92 86 50 130 58 236 26 231 10 117 28 397 43 209 16 203 27 220 82 411 77 183 36 199 71 260 44 171 4 144 69 88
175 27 153 40 173 24 294 57 252 91 123 26 339 28 147 91 404 86 381 37 82 79 221 66 46 48 396 81 274 81 209 67 121 12 207 92 28 31 487 32 469 41 262 25 481 6 253 84 332 3 347 42 373 35 422 75 137
176 27 125 55 255 40 45 86 76 46 37 10 151 9 467 68 423 29 246 35 249 10 189 9 319 10 254 75 302 46 487 49 47 57 241 69 132 58 496 80 123 88 16 48 296 1 140 64 52 98 138 72 260 42 422 81 94
177 27 87 86 269 9 48 44 256 82 48 76 140 78 436 17 418 67 57 92 277 7 149 93 409 66 300 93 230 22 413 88 32 19 475 80 373 7 267 29 419 67 137 16 29 32 474 62 461 17 337 13 354 58 49 51 492
178 27 779 41 59 28 187 57 105 90 24 33 286 4 185 30 172 81 387 64 228 74 27 81 433 50 129 24 359 62 68 73 183 7 82 59 377 48 364 73 228 39 418 94 413 94 124 58 453 56 199 92 446 4 346 36 65
179 27 934 17 190 65 40 24 3 79 39 78 133 80 229 11 233 93 195 12 152 17 490 42 22 29 496 70 358 23 315 28 327 15 254 96 118 51 20 27 76 62 7 27 373 84 322 86 365 92 233 87 72 69 197 83 281
180 27 658 94 55 60 218 88 206 81 261 84 244 40 107 36 83 6 99 2 98 38 100 60 457 93 306 37 3 86 417 25 135 9 307 7 61 34 430 63 168 47 120 80 406 86 4 30 429 56 203 47 374 97 194 79 212
181 27 904 61 361 94 338 43 229 13 309 68 456 41 286 91 428 79 336 64 297 34 175 58 415 18 10 73 468 45 31 18 312 90 232 47 23 59 472 46 317 41 113 32 50 3 334 81 239 68 127 32 352 64 210 81 304
182 27 479 72 83 51 88 13 107 70 315 19 384 78 149 13 32 15 208 50 21 9 231 5 261 83 198 92 35 71 394 42 499 39 52 63 103 24 65 92 453 77 80 82 483 5 308 19 460 6 336 16 332 20 295 87 149
183 27 528 55 186 6 24 51 320 2 426 62 232 23 79 42 73 57 32 71 185 27 59 85 409 99 460 12 433 29 417 63 269 55 492 64 367 5 350 44 115 8 313 78 70 94 312 35 337 79 343 67 441 83 160 31 267
184 27 660 98 210 55 152 50 3 58 146 86 56 36 155 70 420 36 11 79 13 32 315 10 116 55 494 7 41 77 91 23 129 58 197 94 219 92 356 47 265 60 318 15 45 22 482 72 161 55 413 84 97 93 267 58 38
185 27 669 18 100 20 204 86 89 83 196 25 202 91 5 92 206 90 328 47 241 71 369 39 471 25 415 60 206 64 439 73 26 72 316 73 390 40 305 3 432 29 253 55 406 66 485 15 166 75 178 44 476 41 347 81 33
186 27 892 12 265 96 276 32 435 77 459 11 102 51 397 78 121 48 236 43 305 7 428 91 369 47 297 16 365 79 483 11 421 46 302 38 354 14 129 13 302 89 156 96 455 69 313 57 190 11 203 83 16 38 321 93 314
187 27 935 45 359 51 43 96 75 43 447 18 261 64 81 4 309 29 21 89 297 15 307 20 104 74 338 76 344 63 207 44 313 20 372 59 345 30 441 1 435 11 292 99 371 48 493 98 56 32 236 48 270 2 242 80 384
188 27 239 14 88 40 4 99 357 79 332 81 293 54 480 85 467 81 430 7 1 28 54 30 100 52 138 19 434 74 118 45 450 35 344 85 7 37 125 57 419 7 343 5 280 97 71 24 336 50 322 32 443 28 3 69 204
189 27 779 58 448 87 217 79 261 32 73 62 256 73 26 96 27 55 259 45 63 6 454 62 14 77 43 88 243 92 248 98 143 8 451 84 418 1 279 68 137 90 438 16 259 5 45 49 284 92 279 27 382 12 298 98 316
190 27 1391 77 259 27 268 13 389 3 1 77 102 91 410 51 92 37 450 81 226 62 409 59 496 49 112 32 370 80 357 80 66 59 192 80 109 96 229 69 374 40 107 47 450 92 125 23 385 55 495 35 131 38 390 62 89
191 27 811 4 115 85 452 63 358 94 132 10 33 33 411 24 363 89 416 16 40 74 376 30 308 97 318 87 258 79 370 21 398 82 131 62 18 41 149 44 96 77 493 73 434 88 280 27 419 86 279 59 438 77 11 28 189
192 27 227 60 106 90 202 51 311 62 168 93 155 33 425 19 183 56 441 82 314 31 208 62 9 92 378 40 53 62 179 65 305 68 497 2 16 77 127 51 76 23 71 45 314 96 395 23 23 92 192 52 162 36 299 43 441
193 27 890 2 28 95 490 6 222 20 465 23 331 26 337 16 204 59 484 65 358 33 226 44 154 35 54 3 499 40 55 52 481 59 90 23 368 29 246 91 52 52 481 58 209 90 295 41 68 38 21 16 249 54 245 23 218
194 27 80 5 130 67 174 45 272 75 408 36 376 58 227 80 137 78 13 29 298 51 207 9 365 98 94 82 3 72 407 89 428 96 146 65 60 84 177 75 365 55 343 73 183 32 3 29 472 33 204 11 250 26 100 83 8
195 27 530 29 155 7 205 44 287 44 78 14 198 88 153 47 388 99 291 50 255 59 165 90 91 27 220 45 215 94 308 29 443 80 393 26 125 78 283 7 95 25 435 78 305 78 132 36 124 92 412 61 237 83 45 53 317
196 27 491 10 442 58 462 41 54 20 118 59 121 2 405 7 150 4 281 97 224 50 85 31 19 33 35 18 267 93 134 18 290 97 471 96 445 99 166 67 281 46 83 57 405 96 242 51 363 38 233 53 372 74 189 20 188
197 27 600 7 349 2 271 36 264 51 231 95 260 76 2 72 479 68 256 71 177 10 5 87 5 76 418 11 7 94 458 83 271 23 462 68 125 17 293 27 342 32 53 78 233 22 431 44 415 5 233 32 158 45 295 87 81
198 27 63 86 388 88 90 76 181 90 185 52 359 45 282 65 232 69 276 44 348 31 132 28 278 81 112 75 463 38 9 17 56 64 7 13 372 97 361 22 49 70 339 6 382 63 114 76 74 59 51 53 379 16 89 81 394
199 27 845 74 423 43 375 81 184 11 31 38 21 95 242 73 257 79 101 83 494 69 195 53 174 4 376 41 486 54 33 88 405 41 175 21 313 14 44 71 184 20 367 42 453 4 155 91 368 55 489 67 126 75 22 9 76
200 27 1300 9 465 15 74 85 68 94 78 26 270 61 322 69 55 83 144 24 438 14 335 67 432 14 303 47 216 70 43 58 229 76 306 31 446 23 305 64 369 12 495 88 4 18 448 49 194 25 354 27 74 46 328 61 341
201 27 1266 37 55 99 206 77 60 53 69 12 452 22 135 78 46 70 258 97 24 42 282 51 317 64 293 65 257 60 42 58 383 73 276 61 215 15 183 72 345 33 327 53 177 41 291 25 334 74 77 74 381 23 303 36 231
202 27 167 42 434 62 96 83 292 94 362 20 20 69 175 51 264 73 161 71 471 99 17 8 137 49 267 12 429 70 490 30 364 73 7 49 66 74 484 85 450 93 331 87 74 96 127 16 438 72 306 87 180 54 31 49 107
203 27 55 42 466 63 498 72 83 79 64 96 152 53 80 68 483 39 214 91 356 62 452 17 235 58 467 55 132 97 415 2 113 21 26 88 374 21 467 60 49 16 30 11 347 22 403 57 194 4 134 87 122 82 19 67 418
204 27 87 55 298 27 324 10 125 48 412 90 363 34 7 60 481 34 270 21 115 19 150 92 162 18 280 81 287 2 165 3 421 57 454 84 143 72 223 8 37 43 389 35 220 31 29 70 156 6 48 84 439 60 458 81 498
205 27 1184 20 236 65 337 86 346 85 353 25 457 43 350 37 379 55 51 2 463 86 444 16 432 57 57 72 336 32 169 49 57 81 159 2 281 36 225 44 207 25 162 96 216 44 267 89 301 6 76 5 299 49 144 46 384
206 27 598 99 76 73 129 23 354 35 69 82 224 32 262 16 73 76 227 31 151 5 278 4 280 75 31 45 153 44 47 33 488 22 49 57 168 10 67 55 440 9 129 29 1 2 16 83 345 96 200 85 69 43 147 1 472
207 27 406 48 148 43 470 32 102 69 32 47 360 55 35 44 90 19 49 38 205 71 326 89 261 77 2 63 348 83 22 54 84 64 467 30 47 87 311 40 62 64 216 67 23 14 455 65 162 46 230 58 111 53 263 38 180
208 27 1315 66 390 55 220 53 209 95 421 23 236 94 171 82 275 46 10 41 128 94 336 64 265 2 193 15 342 9 64 8 232 58 76 35 30 46 82 3 388 95 380 35 121 90 23 82 104 72 479 81 421 55 125 27 268
209 27 600 14 323 44 255 97 492 54 297 67 432 29 306 47 126 27 283 69 320 14 19 10 299 82 46 92 162 41 252 50 346 96 226 36 497 55 29 49 96 14 132 86 103 84 365 69 211 60 464 72 462 94 215 95 468
210 27 448 99 475 43 418 86 197 2 88 36 445 76 128 40 74 16 382 28 104 41 473 14 273 94 164 2 179 80 280 63 140 39 62 26 196 99 38 73 229 58 301 91 266 36 439 93 449 52 336 15 416 68 101 28 230
211 27 310 39 260 19 161 41 293 62 213 25 251 98 189 40 225 67 239 66 306 38 451 77 73 86 483 61 345 12 197 65 434 60 2 19 263 74 203 4 391 11 73 15 15 48 106 86 300 36 332 32 449 2 169 75 24
212 27 1225 64 174 96 221 89 235 5 237 9 81 73 426 27 163 34 200 31 379 89 22 31 361 32 319 58 269 13 50 57 49 10 388 21 340 10 110 34 485 23 489 30 141 48 447 62 140 38 426 87 94 33 403 47 366
213 27 1320 65 301 38 468 96 84 73 88 58 445 69 58 2 179 80 297 41 381 35 148 13 31 87 273 47 405 88 159 38 316 45 63 95 194 15 166 66 491 23 432 7 459 14 265 86 246 47 458 17 206 63 46 83 225
214 27 721 22 48 81 239 39 324 12 278 97 274 55 2 83 12 47 243 58 320 65 115 6 382 54 422 57 140 4 311 83 33 58 273 7 260 61 366 10 297 26 424 32 490 39 118 98 463 81 466 68 147 80 346 69 10
215 27 53 90 147 69 497 70 184 64 296 64 416 3 214 11 390 98 165 11 499 12 30 78 218 88 456 33 165 75 488 69 423 2 301 83 285 95 123 89 11 44 106 24 109 47 225 53 225 96 303 77 473 8 68 78 310
216 27 506 14 167 57 124 95 310 51 342 25 477 46 9 31 225 6 391 63 148 80 440 10 49 5 480 48 217 72 271 70 352 14 335 41 395 80 45 7 482 68 185 52 276 5 166 90 42 13 433 91 416 90 244 45 388
217 27 205 54 233 58 432 96 300 73 10 68 104 89 486 77 237 35 482 59 439 11 81 3 112 66 165 20 87 86 240 52 203 4 319 12 484 42 210 17 460 11 135 34 266 45 181 78 406 12 5 93 461 85 460 60 311
218 27 973 54 485 94 169 80 378 28 261 41 469 69 155 30 136 45 413 52 193 67 97 65 197 14 148 81 350 63 133 52 347 7 346 60 374 12 234 48 433 51 480 85 212 82 388 20 485 83 55 6 459 31 469 75 361
219 27 1345 4 381 64 182 19 292 5 285 39 411 47 63 37 410 86 68 49 271 61 138 42 206 82 157 66 184 94 380 77 256 24 378 53 89 28 63 3 53 97 498 80 276 36 316 13 357 47 85 68 459 78 126 30 493
220 27 169 20 287 76 323 92 240 38 214 86 102 6 99 19 245 44 75 40 416 20 211 31 314 83 86 6 285 15 330 70 276 72 499 78 204 55 3 48 380 17 80 57 159 29 221 1 272 46 186 22 359 57 184 90 151
221 27 718 5 348 25 435 30 391 85 34 25 250 76 30 88 289 73 22 25 244 48 210 56 51 13 105 24 103 93 331 87 48 42 207 60 181 3 10 17 241 29 443 20 294 84 56 73 36 7 442 62 202 59 171 99 395
222 27 1009 73 250 81 127 79 390 89 91 10 15 77 200 51 382 93 364 13 32 98 330 9 469 17 87 29 26 2 133 74 288 77 373 24 248 86 22 18 242 3 97 3 333 58 386 45 361 11 156 57 1 32 446 21 354
223 27 1051 23 444 40 429 74 312 40 162 40 154 14 31 76 155 1 275 1 22 35 266 73 419 26 436 38 53 69 111 87 171 28 25 1 310 18 427 21 44 19 214 29 414 71 313 73 453 61 288 16 315 59 203 46 260
224 27 287 40 56 81 103 71 196 78 297 87 454 24 46 24 185 98 296 76 207 96 230 64 395 28 283 90 166 26 419 17 57 33 21 38 164 26 235 71 143 67 343 23 45 43 461 76 1 73 145 52 223 37 382 68 161
225 27 930 61 177 46 312 35 1 2 51 49 388 99 152 25 309 66 378 63 31 26 123 72 244 76 157 54 168 3 13 91 209 61 87 61 124 8 482 4 396 28 318 7 144 21 370 8 245 7 126 68 164 10 244 56 183
226 27 413 82 413 46 353 53 434 23 461 21 404 14 152 64 348 72 171 3 370 20 435 11 468 48 389 10 490 34 158 47 385 79 350 85 314 65 295 34 284 33 389 33 182 54 345 12 55 38 30 58 343 12 167 1 78
227 27 803 65 115 97 421 7 268 92 210 89 292 27 39 75 5 68 95 84 234 3 399 20 29 65 372 84 306 78 375 26 114 58 277 71 94 7 9 20 486 38 474 52 432 50 472 91 241 17 481 28 212 78 294 96 193
228 27 455 26 284 4 153 66 232 51 455 67 223 6 385 37 486 88 470 7 158 56 81 63 416 36 358 44 362 26 346 59 254 23 148 44 459 52 7 47 388 60 463 41 453 68 488 65 478 26 80 77 433 64 386 35 92
229 27 1057 30 158 80 2 35 7 40 217 16 90 25 92 32 128 37 486 68 38 33 14 43 37 73 79 82 415 60 181 63 262 18 302 92 186 82 316 31 177 58 74 13 138 96 277 79 69 58 456 78 430 19 152 52 165
230 27 474 61 304 46 116 12 95 15 357 27 310 41 5 94 457 82 305 35 194 64 256 11 414 40 443 25 375 39 357 93 415 18 465 55 107 6 214 1 52 53 264 77 482 48 131 63 76 47 176 59 449 59 153 82 89
231 27 1155 5 350 23 29 16 329 56 327 30 162 69 194 48 61 67 205 73 142 36 404 42 245 79 386 75 397 90 182 62 177 52 250 51 151 34 281 21 304 97 103 70 468 62 261 99 9 45 40 37 95 30 324 69 163
232 27 994 17 279 38 147 67 84 33 293 27 116 31 134 97 286 20 438 37 63 38 431 41 252 84 101 1 138 27 264 26 316 94 473 17 176 28 230 6 221 50 81 53 339 37 91 96 214 59 73 36 484 59 247 82 183
233 27 360 43 33 23 246 87 289 23 278 33 27 73 181 43 417 30 184 46 162 56 100 23 63 35 4 30 497 60 36 20 338 11 82 40 124 17 169 7 24 46 342 37 386 93 11 15 432 97 30 79 376 99 28 28 37
234 27 417 85 222 26 315 63 374 42 16 89 333 72 13 33 292 28 70 4 483 69 49 42 289 12 1 76 168 12 343 88 99 21 300 83 236 25 214 23 446 50 431 91 131 28 357 80 464 42 57 54 479 21 497 56 291
235 27 778 15 31 20 307 53 252 38 79 71 366 89 311 47 238 16 301 22 297 52 209 1 221 84 289 91 226 6 169 78 288 23 390 51 221 27 345 87 287 75 144 9 99 10 395 11 134 64 429 88 136 69 435 40 399
236 27 210 22 307 52 427 23 434 89 480 25 98 6 394 71 231 25 97 64 269 64 143 39 121 12 293 41 159 77 178 75 185 72 343 67 388 1 248 97 409 27 49 23 31 91 209 76 116 52 279 53 302 25 237 56 414
237 27 808 84 120 87 471 22 71 90 493 16 69 8 432 64 93 62 497 15 19 26 230 7 361 35 243 51 82 7 191 69 258 55 335 43 326 13 104 88 29 81 165 13 279 13 435 64 249 29 16 31 204 91 493 3 79
238 27 1348 66 479 28 424 89 273 4 274 16 340 86 443 28 310 99 364 44 383 91 440 36 258 10 428 45 290 89 79 84 121 44 470 68 413 57 410 86 288 74 489 50 248 91 175 12 351 34 199 10 433 35 111 32 119
239 27 142 77 187 26 351 18 462 35 142 59 267 59 447 24 115 76 304 36 134 77 349 53 125 21 245 49 425 78 310 55 328 99 333 56 389 69 264 73 402 30 425 25 6 60 292 80 386 4 126 22 385 19 23 15 286
240 27 1216 24 185 62 430 52 405 68 479 93 56 98 105 19 319 30 470 10 313 73 226 71 16 71 25 59 479 86 8 34 36 11 141 29 249 6 410 36 171 92 422 1 477 39 408 28 45 21 26 87 34 37 114 33 225
241 27 121 23 275 53 291 12 432 49 357 67 408 80 15 61 64 15 327 82 46 46 149 20 330 89 243 74 247 75 197 17 24 54 197 53 480 47 343 8 429 21 266 59 234 13 369 88 412 13 139 45 80 9 6 83 448
242 27 744 54 42 56 112 85 345 69 197 12 413 59 149 67 265 53 207 28 211 36 342 67 10 43 193 63 391 96 202 37 280 75 461 4 103 13 42 67 178 20 347 94 242 40 421 79 275 16 248 3 21 79 128 60 353
243 27 1346 96 85 36 481 63 98 30 400 24 256 8 308 34 305 33 403 39 76 44 224 95 345 93 61 57 112 58 327 31 299 75 266 23 139 29 450 57 413 35 301 19 296 36 243 75 481 63 218 53 13 85 184 6 318
244 27 177 11 424 63 90 2 458 56 479 66 477 98 482 21 136 30 44 73 38 96 213 12 313 51 323 40 335 51 449 69 339 71 282 53 170 47 320 62 403 97 203 7 219 5 419 82 121 19 368 65 212 72 342 26 122
245 27 293 72 143 37 341 28 313 3 407 29 315 46 319 97 479 17 314 68 408 90 101 88 209 81 311 49 23 73 341 56 493 99 266 77 53 51 250 24 141 46 286 68 95 62 197 48 149 37 218 5 281 50 272 59 178
246 27 827 82 363 69 143 74 457 93 344 2 79 43 212 85 199 63 205 96 298 24 78 73 395 80 417 44 19 5 34 40 2 81 11 44 258 58 252 86 116 46 319 22 9 87 397 84 442 58 24 77 381 24 82 87 115
247 27 112 8 112 84 201 9 345 7 335 78 93 84 242 42 246 82 67 10 135 3 117 51 25 68 304 46 229 3 222 21 100 93 121 79 241 33 187 56 29 7 407 57 99 21 69 51 86 63 366 78 82 54 147 17 272
248 27 542 99 272 21 184 61 316 27 256 1 176 58 114 35 218 17 244 53 214 81 75 26 5 79 314 7 230 66 280 97 168 4 120 3 277 9 81 44 145 32 220 38 101 52 49 64 387 55 338 56 455 57 242 86 281
249 27 470 50 341 63 410 7 250 40 495 31 342 73 250 57 394 25 83 81 372 40 424 78 142 60 166 30 62 51 22 89 2 99 258 8 257 55 116 90 69 48 355 68 205 87 83 72 175 38 303 98 336 1 345 32 147
250 27 768 74 345 83 249 95 214 88 449 73 24 35 205 95 12 21 226 33 28 45 255 22 179 88 290 30 225 90 278 51 346 11 301 8 45 80 371 25 483 38 183 73 499 38 280 4 275 53 481 16 405 26 19 55 176
251 27 634 6 6 22 389 92 54 64 136 38 12 74 169 13 173 61 284 55 375 46 497 41 218 6 323 70 181 70 263 31 333 38 356 2 373 8 109 52 348 7 7 90 138 93 408 48 377 25 367 6 64 80 14 89 201
252 27 817 36 86 33 186 84 235 79 106 64 472 76 290 73 260 19 379 37 446 88 249 1 378 86 232 23 105 41 142 81 437 61 243 81 248 12 244 52 88 77 454 57 174 94 184 78 341 7 361 5 159 48 444 98 314
253 27 287 47 494 87 216 70 12 31 466 82 385 51 79 88 2 19 499 16 364 4 477 28 324 18 237 29 367 16 214 3 63 60 341 22 74 63 165 33 13 7 270 5 203 65 459 18 452 26 343 69 419 18 264 5 340
254 27 1102 93 203 58 56 82 131 27 21 98 450 32 303 34 301 62 473 83 69 88 293 58 464 93 161 91 401 48 43 50 402 85 159 97 15 3 463 91 148 62 185 79 467 21 116 83 265 39 447 18 436 14 479 34 484
255 27 433 24 219 29 342 58 314 34 18 9 221 35 183 36 158 65 363 80 29 25 8 16 32 36 329 5 208 81 163 74 206 19 303 16 67 31 385 32 493 24 91 24 72 45 225 33 388 95 145 46 206 43 399 89 298
256 27 1313 42 231 60 90 25 71 63 239 73 209 55 183 68 409 83 254 36 13 15 408 61 283 57 481 31 429 11 468 17 351 25 65 84 196 14 115 37 444 41 37 68 110 90 210 58 102 49 391 61 338 35 144 32 481
257 27 819 78 449 47 288 57 44 21 281 42 268 13 350 19 357 11 467 2 84 11 194 21 486 73 445 99 392 36 336 56 257 24 376 49 490 34 191 26 278 30 11 78 387 43 112 72 157 95 123 56 314 38 205 1 150
258 27 1210 69 472 49 259 97 164 70 292 80 278 39 118 30 302 2 203 22 187 23 308 14 95 38 97 49 85 57 329 90 216 13 496 71 135 42 173 29 305 29 452 98 111 59 231 33 145 26 377 27 97 58 390 5 41
259 27 964 50 439 96 457 21 283 69 163 39 489 64 323 52 327 13 187 27 461 57 452 14 46 41 456 52 210 34 278 99 120 62 7 15 369 28 278 83 30 9 469 14 299 16 19 97 61 96 76 60 473 69 290 90 70
260 27 1223 98 85 26 273 34 485 3 114 41 3 13 287 9 336 5 108 27 439 10 47 62 449 67 91 6 476 57 103 73 381 58 330 73 388 57 128 23 476 36 52 19 85 43 216 62 64 94 243 18 404 95 364 28 18
261 27 785 8 247 9 174 81 218 63 42 22 104 96 186 82 83 18 207 37 213 29 477 22 196 45 64 83 93 94 371 2 281 5 497 90 384 24 396 55 441 19 19 78 58 39 22 41 156 77 51 39 366 1 175 9 375
262 27 341 73 455 8 150 83 178 64 48 86 355 22 172 24 139 43 289 65 423 10 443 87 82 17 247 68 21 72 451 79 466 45 215 38 127 99 444 13 135 97 483 22 418 53 495 23 72 60 335 50 206 79 90 92 18
263 27 1320 28 406 43 493 95 147 28 113 67 287 62 419 68 297 52 270 43 279 17 391 11 46 74 289 73 468 71 410 60 184 72 374 45 160 77 130 17 52 60 360 45 17 97 499 21 68 2 162 93 319 6 30 23 32
264 27 783 34 178 91 195 29 66 15 252 48 100 87 421 34 347 76 101 97 469 19 495 8 339 93 240 86 132 25 235 78 239 1 442 15 461 62 116 67 488 53 47 61 295 73 465 94 463 54 6 3 381 71 370 19 183
265 27 1291 55 12 59 397 73 294 76 456 43 65 64 278 86 460 72 249 58 242 72 372 48 64 88 203 46 267 41 200 14 244 1 415 87 17 54 358 62 58 21 125 59 162 84 130 53 422 99 199 61 247 40 355 47 334
266 27 943 72 348 94 149 75 485 22 250 7 49 58 205 82 31 64 58 47 68 25 330 10 388 76 449 67 228 12 45 68 37 4 303 6 359 21 485 86 61 39 309 81 120 45 130 92 145 42 118 44 341 18 40 33 95
267 27 553 22 207 65 225 28 312 6 183 60 167 13 20 87 118 2 17 41 110 85 303 20 342 57 276 55 474 83 373 35 66 71 53 11 333 27 469 80 392 56 40 74 77 25 371 31 14 20 269 1 191 49 108 55 46
268 27 855 2 392 22 172 77 358 27 363 74 269 76 175 42 229 3 145 62 368 34 455 1 14 24 214 85 350 66 245 99 337 72 409 93 415 89 170 2 278 95 45 79 58 10 372 27 385 8 192 37 171 93 135 21 46
269 27 67 55 3 30 392 42 95 71 187 1 350 61 287 65 249 36 66 91 300 76 401 78 184 30 43 66 256 45 181 15 372 37 218 17 74 98 13 59 439 39 246 97 483 99 356 42 52 22 358 21 448 95 319 30 74
270 27 1087 40 169 95 155 25 177 42 480 16 37 12 76 85 353 26 407 42 33 63 445 73 429 27 416 7 194 31 275 78 205 27 331 63 418 54 57 70 185 13 188 24 199 66 143 65 312 44 202 87 29 77 142 21 400
271 27 231 3 351 12 413 28 61 44 72 87 186 39 461 59 417 30 10 32 354 76 257 21 78 99 353 45 310 47 223 98 422 4 360 99 468 96 464 44 483 20 396 74 76 22 311 57 376 76 286 92 365 92 473 69 166
272 27 576 18 407 13 9 15 92 5 159 1 65 97 116 12 234 51 315 36 72 73 335 94 289 50 467 45 416 77 55 45 7 36 143 55 386 31 102 78 476 5 128 40 318 62 261 4 295 8 332 5 358 52 485 31 426
273 27 267 74 322 96 354 2 299 39 133 78 467 93 409 83 467 64 223 2 345 89 497 77 44 10 344 1 331 63 274 97 38 25 223 20 243 95 428 96 282 65 376 62 45 31 183 18 439 13 161 33 490 44 62 47 446
274 27 658 50 387 11 352 96 387 57 304 62 182 36 102 25 341 12 315 55 367 11 213 58 291 91 124 9 257 52 103 33 425 13 107 24 431 45 121 42 33 52 87 98 204 9 85 71 145 31 461 38 108 5 334 88 37
275 27 104 36 495 69 236 41 256 68 66 8 233 60 272 89 46 37 83 78 256 4 402 71 104 75 178 44 294 76 335 5 334 92 13 58 9 97 219 89 497 99 462 75 401 24 142 9 329 95 90 1 491 19 61 4 278
276 27 144 45 161 20 412 25 440 76 327 49 411 84 478 5 253 55 147 26 296 63 449 8 376 58 135 8 299 70 89 12 7 72 398 81 145 98 188 64 150 54 220 69 27 18 161 96 118 99 162 41 366 14 157 37 206
277 27 304 60 371 50 215 90 184 37 411 42 273 65 336 78 464 21 13 13 266 57 260 49 412 56 358 79 346 46 227 31 92 68 479 51 390 27 418 99 423 98 499 53 135 49 493 90 142 29 217 43 103 85 52 8 180
278 27 1215 39 70 10 261 94 389 72 395 59 140 65 280 56 177 57 78 68 388 60 120 33 369 24 225 55 158 30 349 42 255 63 326 99 91 72 260 94 163 8 140 24 332 40 227 4 183 49 484 87 424 87 244 59 72
279 27 810 5 87 53 107 37 327 81 345 27 209 3 275 91 416 54 323 39 104 89 33 74 486 6 498 98 497 83 220 22 126 44 149 2 92 96 326 15 291 76 240 51 169 28 431 87 462 55 175 92 130 93 252 19 241
280 27 1023 96 161 68 460 20 255 80 398 21 178 97 317 35 421 75 362 46 262 78 240 15 90 24 28 97 103 51 107 88 386 30 444 41 161 40 212 96 394 37 472 98 44 29 263 10 133 81 454 93 258 82 401 3 399
281 27 577 35 14 62 367 42 71 64 440 62 418 54 49 44 369 76 252 7 408 67 137 78 267 83 6 54 494 90 293 31 99 29 471 23 356 61 433 25 31 21 465 35 446 52 458 82 135 73 463 85 193 50 420 88 386
282 27 1241 51 80 9 49 46 488 9 362 21 71 10 392 92 264 56 220 62 144 43 350 45 422 8 270 19 479 32 428 93 242 71 5 50 303 82 236 51 119 65 347 59 494 15 328 66 359 66 109 78 59 43 242 59 485
283 27 1358 76 321 3 204 81 476 71 294 5 445 94 432 24 155 32 271 82 82 13 40 60 430 82 366 79 186 54 251 27 28 79 389 32 52 76 11 68 453 60 250 26 272 96 195 48 23 27 489 39 152 80 116 55 314
284 27 1208 43 263 56 371 29 274 13 139 49 352 95 322 65 6 10 29 10 159 72 380 46 307 86 268 81 45 28 337 2 93 78 403 34 498 43 166 37 136 40 219 3 16 13 428 88 33 79 151 54 159 30 34 17 202
285 27 825 5 407 59 326 27 279 70 374 6 278 97 154 40 66 70 55 73 432 12 239 71 272 70 118 63 226 61 175 7 453 67 141 61 422 74 443 72 168 79 436 21 244 50 170 59 326 83 360 80 17 30 158 35 476
286 27 210 64 327 62 191 31 103 70 454 96 295 63 274 45 245 14 252 94 191 71 57 16 242 93 78 92 111 16 14 2 322 63 354 69 72 17 437 89 283 88 362 68 28 60 278 77 361 27 5 58 411 88 162 2 274
287 27 658 43 181 40 119 61 145 52 472 54 291 90 147 13 281 33 116 17 227 70 349 60 141 67 50 5 456 98 208 93 209 14 97 95 45 45 94 29 491 97 289 49 316 81 267 19 65 62 176 69 127 38 490 59 399
288 27 1380 83 423 47 376 50 429 97 196 8 149 19 475 40 18 73 169 86 22 78 100 24 289 57 109 80 320 32 24 41 388 51 171 76 234 3 264 51 384 14 221 59 68 71 399 23 67 76 491 22 458 61 391 67 99
289 27 1000 82 452 23 131 37 190 86 283 27 31 41 47 17 120 13 257 26 485 36 77 91 209 84 429 30 344 90 147 51 299 74 95 45 468 84 432 96 11 71 452 27 54 85 149 35 47 27 283 48 62 41 450 34 86
290 27 158 99 439 49 168 92 176 82 249 63 410 98 85 13 223 37 375 68 396 40 262 97 433 65 23 41 465 66 131 76 373 51 390 51 25 6 79 10 265 76 461 6 417 24 281 65 89 33 258 88 200 63 39 23 376
291 27 153 17 98 34 120 97 19 10 183 28 96 73 185 87 188 79 494 11 207 70 161 14 86 29 205 68 450 99 304 40 305 21 247 90 186 97 457 60 259 51 475 36 143 76 4 19 434 54 263 95 389 26 91 25 240
292 27 86 93 179 73 84 72 402 78 477 77 2 36 233 88 57 30 4 8 109 8 260 66 39 4 426 31 109 95 461 87 111 99 389 17 310 58 327 38 293 19 185 52 85 25 417 28 472 64 484 89 236 59 271 49 47
293 27 872 18 302 32 21 4 238 16 29 24 458 23 270 48 138 53 141 42 458 42 261 65 355 14 455 59 180 77 400 85 400 7 112 19 211 84 32 56 37 60 389 61 290 80 416 77 25 62 88 58 26 40 330 29 305
294 27 280 20 177 22 133 62 152 19 160 28 383 12 183 35 277 27 152 55 99 98 340 75 351 3 260 74 99 98 145 47 147 76 260 1 221 93 74 22 388 2 63 77 361 69 184 24 265 89 282 89 165 70 290 18 290
295 27 1114 47 361 4 445 74 129 49 262 31 24 58 483 23 300 4 371 73 184 1 400 16 37 27 488 40 252 14 272 28 141 35 70 57 291 24 74 16 355 63 405 2 407 71 244 50 310 28 491 70 91 70 191 28 79
296 27 1014 80 71 17 307 97 395 29 302 28 276 17 408 32 326 2 342 82 150 21 341 76 283 72 88 46 414 23 156 99 209 36 26 64 206 10 3 41 299 97 277 64 253 58 417 63 440 48 400 22 248 84 466 41 175
297 27 1076 28 240 53 483 58 76 76 195 64 310 58 26 60 482 48 134 51 291 11 101 43 224 89 450 49 168 96 57 33 228 46 7 88 198 24 423 44 420 24 198 71 472 37 429 74 254 35 361 65 244 12 299 82 170
298 27 850 23 469 96 403 7 467 41 386 76 474 21 287 81 42 65 70 17 148 51 248 14 169 29 140 34 272 70 127 22 379 42 82 24 292 2 99 4 417 30 33 54 53 57 475 73 490 25 12 59 391 42 37 25 373
299 27 774 25 471 6 287 73 143 30 203 38 75 47 479 42 358 24 409 60 156 26 212 26 486 15 493 20 362 69 1 50 439 32 381 31 287 48 430 72 91 83 16 86 234 17 332 23 85 75 344 38 410 16 239 19 426
300 27 1291 75 401 24 89 7 434 85 487 23 471 66 121 20 492 38 307 33 213 9 56 66 293 99 30 83 328 33 485 30 57 4 360 8 314 13 223 67 9 17 423 58 305 98 328 86 475 85 466 18 257 38 489 81 6
301 27 810 95 353 15 88 99 236 44 201 48 121 86 365 62 327 12 131 34 100 13 494 46 329 34 398 77 81 33 222 21 71 94 274 64 467 18 41 36 315 65 21 99 120 92 247 70 243 77 327 53 462 37 91 74 357
302 27 1191 18 395 85 24 81 308 86 123 51 158 74 358 28 432 53 21 91 164 65 451 65 306 22 344 18 269 17 377 98 491 78 459 80 225 76 122 50 78 78 156 56 484 59 33 72 496 40 370 25 202 82 311 6 200
303 27 754 23 231 38 372 46 232 95 419 82 106 87 221 44 377 1 341 51 47 45 414 26 6 74 372 75 165 77 307 83 383 11 86 14 385 83 100 41 72 60 453 20 237 70 299 94 279 12 443 47 413 27 288 41 135
304 27 692 95 207 95 213 82 164 22 80 87 264 3 466 6 493 65 403 77 217 51 397 9 267 54 76 71 233 10 199 71 327 32 290 79 251 51 33 36 112 45 153 10 470 11 300 19 409 78 461 3 36 99 260 58 300
305 27 1287 68 148 61 338 78 212 69 472 49 327 54 369 29 307 84 280 47 99 56 49 31 382 39 416 87 409 70 33 2 427 21 81 67 25 41 359 4 84 93 244 73 145 77 201 53 238 70 441 80 296 65 217 13 380
306 27 1236 16 313 10 435 5 414 32 492 78 417 52 54 68 154 13 120 81 223 76 382 36 186 44 497 22 209 51 461 25 489 62 119 9 352 18 401 20 172 93 182 83 21 1 158 66 364 85 471 83 202 72 344 4 135
307 27 515 73 432 23 306 42 298 62 238 82 209 51 415 31 378 19 404 1 254 34 65 1 469 55 354 80 136 27 168 81 479 44 272 44 78 13 115 25 23 66 62 92 456 38 28 59 292 51 385 95 226 46 266 21 373
308 27 192 88 364 14 122 19 462 36 375 58 154 88 457 30 148 3 278 93 12 81 346 86 160 96 492 93 225 20 444 88 430 31 234 92 493 1 345 15 331 3 254 83 417 34 416 68 424 15 34 83 490 37 330 64 389
309 27 435 5 201 4 296 85 446 31 436 54 257 93 482 88 419 52 212 39 406 63 130 14 417 96 7 33 304 23 71 75 339 84 28 66 230 73 475 20 146 90 90 98 493 42 128 89 398 30 287 72 434 99 153 71 68
310 27 1102 6 131 3 181 63 180 60 26 38 56 52 335 19 30 82 59 10 447 56 201 90 214 5 273 24 298 41 343 10 315 13 332 32 176 70 224 84 198 38 308 45 179 90 479 69 141 24 210 73 87 25 41 80 324
311 27 481 96 438 75 93 90 97 86 276 51 239 88 330 86 455 8 4 91 448 61 223 87 36 14 352 57 369 87 484 52 272 9 399 20 52 63 390 5 363 80 113 2 141 76 302 92 8 95 355 67 8 92 469 27 84
312 27 53 7 348 61 337 51 488 91 121 53 229 19 217 90 323 70 43 4 52 51 211 38 40 61 156 97 412 56 328 36 285 75 209 70 55 75 274 12 339 54 164 16 342 31 28 52 11 69 119 77 82 86 284 24 57
313 27 109 89 325 10 223 25 465 93 75 59 482 55 327 39 84 77 392 78 69 22 480 15 91 89 46 4 64 59 259 20 237 28 243 61 79 66 99 22 24 81 129 61 33 22 270 91 185 9 152 23 440 13 129 19 274
314 27 250 45 262 75 150 30 338 49 303 80 90 16 108 67 496 40 404 91 386 27 375 60 124 14 430 90 114 18 306 98 115 11 87 38 261 37 70 68 96 61 355 34 47 49 250 96 294 77 358 38 298 59 463 51 437
315 27 1053 15 192 32 319 76 368 67 451 98 38 3 374 83 272 79 360 83 136 51 399 65 328 45 218 55 158 55 225 5 346 68 465 45 253 90 351 91 27 84 229 47 103 70 86 81 391 7 92 23 238 94 292 46 164
316 27 239 26 233 74 331 34 169 80 368 79 152 78 469 74 188 60 460 78 255 97 493 37 157 51 475 7 221 32 208 15 445 37 228 92 445 69 254 27 163 89 381 99 6 89 266 23 47 44 446 56 304 19 41 30 34
317 27 275 86 342 99 309 78 336 28 286 63 449 86 344 41 199 30 241 46 356 82 420 24 147 73 450 84 266 99 271 6 300 88 420 70 290 95 156 38 405 26 489 14 410 12 42 19 267 33 229 23 209 7 214 59 284
318 27 87 49 86 13 302 23 300 34 104 87 189 94 296 17 280 79 54 77 337 98 179 70 66 89 460 37 20 4 267 4 465 51 145 42 3 12 289 1 348 14 167 99 273 59 301 46 253 21 344 50 321 72 461 4 191
319 27 1294 40 100 59 90 2 194 17 287 35 117 73 266 91 45 93 452 98 142 97 108 73 354 8 302 71 58 4 494 30 1 21 21 53 361 24 22 33 26 92 293 18 411 53 257 19 268 82 359 24 118 44 101 30 103
320 27 218 45 471 99 263 92 64 44 373 13 215 44 483 39 132 17 238 16 403 11 249 28 328 85 307 17 357 37 37 71 330 7 51 8 110 88 270 25 332 38 139 30 353 54 374 38 95 92 10 35 416 82 190 19 337
321 27 1037 50 112 20 414 31 345 78 293 75 383 79 380 33 432 65 31 27 191 72 435 82 469 42 393 80 180 38 259 82 407 4 323 56 39 57 296 55 474 35 146 50 79 96 137 86 58 99 322 67 83 45 324 33 356
322 27 1045 95 119 80 65 83 440 35 481 98 51 17 227 82 256 58 85 7 324 15 117 84 100 39 437 12 151 41 315 93 62 56 300 35 489 2 162 65 86 15 310 75 222 92 330 22 318 4 313 98 178 81 256 11 483
323 27 709 66 169 83 200 66 19 46 418 1 361 75 283 13 450 6 181 39 15 28 12 73 450 98 89 24 325 57 227 52 370 64 63 4 222 20 396 33 68 75 279 63 146 80 145 40 404 7 12 42 272 65 76 10 188
324 27 1078 87 198 87 350 68 287 18 184 80 391 74 185 5 221 77 55 8 336 34 5 69 149 57 149 58 218 34 320 89 96 80 283 15 103 84 72 98 304 89 290 11 203 2 91 7 272 87 490 18 178 29 93 11 306
325 27 1097 35 73 60 49 76 227 15 193 28 210 7 441 94 238 17 369 48 427 86 338 59 34 23 360 57 390 63 246 47 175 69 234 29 389 84 330 36 12 54 54 45 365 28 488 86 179 32 166 77 39 52 357 27 366
326 27 932 38 226 40 305 3 242 25 312 85 202 48 67 92 212 67 31 60 40 70 223 71 135 44 428 42 228 82 421 58 396 5 485 19 266 10 83 73 241 23 114 16 408 97 304 23 363 83 480 69 431 37 110 50 354
327 27 1239 91 10 5 128 75 50 93 302 25 191 34 186 75 344 38 404 71 327 74 78 82 456 23 373 8 162 40 385 78 207 22 177 71 191 48 497 46 85 6 323 94 476 40 266 52 111 67 312 27 229 87 263 13 138
328 27 126 38 245 91 160 8 84 46 297 64 242 46 405 56 275 28 48 35 304 37 206 66 299 39 350 87 82 17 480 92 399 29 374 61 358 86 356 31 75 45 495 74 307 55 43 32 111 65 179 48 281 36 392 38 452
329 27 270 62 451 66 355 63 202 59 28 67 321 48 380 20 191 82 126 92 489 12 307 16 16 74 246 28 291 42 323 70 152 23 26 71 127 40 231 50 489 92 30 74 434 93 51 9 274 30 71 82 269 11 68 24 489
330 27 558 41 78 15 433 73 84 16 43 89 425 11 172 47 469 26 15 13 316 89 235 95 288 69 397 12 463 48 169 36 252 60 3 36 230 70 69 33 235 8 130 90 280 33 135 77 437 51 57 91 94 55 419 10 69
331 27 273 58 77 87 343 88 149 53 366 51 387 59 454 85 224 9 429 64 69 90 231 94 233 87 72 35 486 44 173 25 264 71 147 49 432 72 136 14 303 79 109 95 300 84 427 14 460 35 245 90 362 14 182 63 304
332 27 167 35 309 30 49 1 248 28 202 65 263 85 174 12 251 41 234 99 237 54 248 84 458 19 315 13 357 30 362 82 72 44 155 66 141 35 315 98 181 92 155 20 410 55 53 78 111 35 372 83 73 16 475 2 287
333 27 143 65 379 37 323 92 294 43 328 27 266 43 393 21 120 52 261 43 110 81 160 74 212 59 110 43 179 29 341 72 175 12 329 24 353 69 219 47 179 49 130 64 383 54 433 47 9 9 6 8 414 64 224 23 398
334 27 482 29 336 21 362 96 248 32 185 22 141 50 458 76 285 47 81 94 427 50 80 47 237 45 111 99 178 7 91 17 68 69 231 88 128 12 15 54 85 78 371 92 495 9 88 48 9 2 75 66 228 69 484 12 403
335 27 1128 60 107 40 340 27 87 36 438 16 209 96 271 48 152 55 128 40 249 54 90 77 69 58 166 89 178 46 12 78 332 99 35 69 273 40 424 21 212 27 73 88 19 74 107 63 349 3 484 84 416 73 211 41 119
336 27 217 68 444 33 56 6 477 28 202 50 370 58 14 57 370 14 97 48 441 98 400 96 96 84 410 95 228 50 186 48 473 86 135 25 368 29 3 27 343 9 161 24 146 73 497 93 71 65 147 15 88 13 213 66 238
337 27 833 57 419 51 330 47 363 55 167 74 24 70 295 14 120 56 253 81 333 81 147 27 357 46 464 91 463 76 384 30 134 21 322 72 384 41 237 15 497 25 92 16 292 15 172 86 483 67 496 79 250 59 496 5 399
338 27 908 61 293 15 40 19 108 76 141 31 121 12 451 83 476 93 167 64 105 4 190 86 185 12 314 71 185 56 473 19 470 37 246 59 375 9 388 53 396 87 92 10 231 37 248 89 326 79 68 87 497 65 161 31 425
339 27 876 95 278 44 60 61 449 93 351 24 321 24 389 98 260 18 398 97 421 97 440 5 258 53 173 92 157 19 256 82 366 53 313 72 162 48 231 8 229 94 337 51 198 49 443 23 339 48 439 33 163 58 89 26 269
340 27 859 72 149 71 315 97 182 43 142 3 277 50 467 5 497 4 465 87 3 26 188 72 321 44 390 42 469 36 333 68 36 94 208 84 75 72 430 44 268 91 443 25 370 84 270 25 48 36 461 73 148 9 351 47 488
341 27 1162 79 419 98 229 59 167 64 345 20 110 68 75 20 114 87 423 9 352 12 488 41 489 9 210 4 388 93 408 44 453 3 263 76 331 91 165 62 267 53 435 35 319 82 349 64 248 75 456 33 437 1 287 39 328
342 27 1330 35 99 58 290 28 221 28 43 34 179 44 472 79 18 55 224 93 89 8 82 40 9 4 31 19 436 13 66 45 43 4 353 32 350 29 442 95 154 25 459 22 356 45 161 80 444 9 270 47 431 93 474 36 156
343 27 1217 23 58 45 101 83 397 69 396 16 17 69 489 25 29 84 161 83 67 2 203 2 49 52 163 15 269 82 87 62 252 91 371 25 28 8 296 43 421 93 351 27 33 72 72 70 484 51 352 68 129 13 119 57 441
344 27 459 88 228 89 452 46 177 24 280 26 117 14 4 71 208 75 255 43 60 13 20 71 220 1 406 40 110 39 110 42 270 11 150 67 18 49 25 46 219 38 20 31 447 91 154 27 215 84 170 42 63 23 42 87 196
345 27 227 36 168 77 423 74 201 51 71 68 4 30 57 45 365 87 346 85 355 52 75 94 120 99 259 38 102 33 480 97 396 12 465 75 209 97 74 78 123 56 116 19 156 99 336 76 290 6 143 27 309 93 275 12 456
346 27 1267 4 306 50 177 85 153 81 40 34 397 36 122 5 233 73 420 67 434 16 206 20 399 59 243 73 293 36 13 20 466 61 311 11 33 27 493 52 91 60 52 66 9 38 313 19 392 52 282 31 341 17 219 27 103
347 27 1193 88 90 84 77 87 397 98 371 52 225 44 329 30 135 78 451 76 394 98 34 43 251 28 374 33 497 32 50 28 158 18 473 14 219 49 197 87 85 1 13 91 166 86 306 37 110 17 215 77 443 90 222 99 441
348 27 1222 78 35 99 22 72 443 62 437 5 410 24 175 35 61 45 36 69 232 70 477 1 368 75 59 31 213 99 383 67 78 81 55 15 208 93 171 10 356 42 372 62 95 15 343 35 297 17 230 5 169 15 394 79 79
349 27 60 4 454 38 151 43 310 50 92 21 484 61 347 32 107 17 306 82 111 96 59 72 21 47 299 50 479 79 333 57 167 74 348 35 474 62 386 80 241 45 167 29 429 99 38 67 202 50 214 27 281 34 65 87 58
350 27 798 47 35 33 287 39 224 92 222 92 28 53 183 64 478 50 448 1 40 26 180 1 38 14 482 65 251 28 324 19 258 47 262 54 482 80 162 95 379 27 350 29 53 17 76 97 216 27 196 1 314 88 476 9 372
351 27 138 95 269 68 153 72 461 99 38 37 142 73 452 25 75 88 111 32 326 27 336 99 386 91 442 67 297 75 173 38 175 93 175 26 493 30 43 40 362 6 70 64 486 25 415 88 391 25 154 69 247 62 257 47 221
352 27 1174 63 96 6 138 7 396 50 150 67 395 93 190 76 8 46 161 68 208 74 220 65 443 83 389 76 280 9 384 98 135 72 423 31 371 1 476 80 290 54 372 75 118 43 72 75 353 22 349 62 255 97 357 40 321
353 27 1087 5 168 4 237 95 316 50 490 7 355 48 349 81 365 36 179 42 136 16 460 89 229 50 66 34 370 74 178 51 225 81 87 32 1 73 396 34 116 76 367 96 46 47 89 19 236 80 230 76 372 98 33 68 230
354 27 1365 62 487 36 317 54 349 14 268 2 456 77 431 43 470 53 191 88 461 46 236 23 296 76 76 72 498 25 184 68 77 2 128 18 210 40 451 19 113 96 21 14 318 62 428 47 20 92 149 99 60 31 69 63 19
355 27 934 72 175 71 308 82 352 9 418 68 311 36 428 82 166 29 143 89 206 68 476 73 134 22 143 85 77 39 137 71 211 17 90 32 97 44 93 10 207 88 239 11 265 23 312 68 373 69 359 78 206 53 272 78 256
356 27 1116 66 403 87 342 69 154 95 130 64 474 9 443 48 281 91 85 96 255 55 402 27 296 69 461 33 397 51 412 24 201 67 391 20 271 47 168 65 20 61 214 75 487 46 407 5 77 50 202 35 109 59 322 82 305
357 27 1283 27 211 81 377 20 495 99 244 37 483 19 238 40 310 95 168 14 341 50 294 40 238 37 410 17 1 78 329 66 147 57 314 68 380 10 176 41 67 92 67 12 214 58 375 11 270 33 76 32 266 28 105 67 288
358 27 636 93 118 32 34 43 13 81 335 23 376 75 480 48 288 58 275 68 316 70 333 61 15 53 415 9 114 3 228 57 494 82 156 1 63 77 418 94 294 82 130 45 407 50 424 59 83 52 277 20 31 94 201 64 328
359 27 633 8 173 35 18 96 288 80 243 75 303 68 59 61 481 22 413 60 205 21 472 10 484 99 315 27 465 63 104 98 149 60 187 88 29 23 184 6 220 37 346 4 419 58 241 65 119 13 228 41 80 19 266 79 324
360 27 789 44 203 27 187 5 438 24 96 13 312 31 478 81 375 71 438 49 16 1 249 7 403 93 403 74 113 33 85 60 281 89 146 60 249 42 227 45 36 44 430 64 265 63 28 43 399 10 265 94 225 96 261 1 109
361 27 884 7 198 83 55 5 309 32 267 73 477 44 327 15 195 71 289 93 331 36 378 74 478 53 199 13 375 14 242 16 278 78 253 12 243 43 6 74 41 39 29 11 316 17 493 83 400 83 492 58 211 50 226 55 141
362 27 328 15 5 94 304 29 19 68 301 19 56 39 156 29 385 51 97 18 341 45 108 26 323 6 343 19 143 63 462 30 33 95 391 18 209 84 456 67 151 60 428 54 326 95 232 98 339 87 39 16 417 73 328 3 212
363 27 1326 26 50 9 227 96 260 20 301 18 179 69 22 17 336 80 96 13 425 38 142 25 20 6 43 20 55 40 498 84 419 50 187 71 64 23 145 79 477 62 86 21 114 71 295 55 111 3 129 17 223 29 442 38 132
364 27 57 79 58 94 261 7 263 46 112 8 499 21 280 82 281 54 164 94 1 22 176 60 389 99 70 60 332 93 7 30 157 6 7 38 245 2 357 61 422 55 295 34 473 61 198 81 62 39 102 33 258 68 273 2 433
365 27 616 23 352 62 306 64 388 24 220 98 407 59 209 58 407 41 49 13 91 98 484 71 61 38 171 15 408 65 341 93 328 1 400 34 145 21 353 63 373 2 409 34 368 17 351 15 351 54 4 58 204 99 72 16 152
366 27 143 38 89 30 469 97 251 33 198 67 10 20 170 42 152 28 347 82 68 81 417 34 244 11 161 12 170 64 413 84 28 28 67 92 11 55 278 97 495 85 358 11 40 66 182 92 461 64 236 83 467 66 160 47 402
367 27 969 55 119 46 334 97 345 59 364 80 366 53 392 12 341 6 182 69 28 76 286 52 370 8 81 55 231 32 352 26 169 99 215 65 286 78 95 14 390 41 381 22 143 1 323 10 453 92 447 29 123 80 383 48 321
368 27 1054 99 365 81 469 45 19 12 489 49 311 43 199 29 267 22 101 27 319 43 422 50 385 27 371 33 77 99 20 22 220 70 61 74 142 60 64 74 70 75 485 59 267 65 253 59 426 82 294 32 414 58 41 11 91
369 27 463 39 286 94 441 14 175 85 450 96 243 70 448 47 344 27 171 18 64 16 495 9 44 68 440 21 457 89 430 83 499 79 277 63 363 77 356 13 255 50 419 58 66 22 209 9 258 61 291 71 89 32 285 47 388
370 27 895 87 305 50 222 93 71 81 427 77 469 79 123 93 339 96 133 47 9 22 26 28 201 19 374 9 463 86 47 57 458 65 206 63 17 56 300 34 429 88 69 27 47 97 346 4 347 23 170 84 28 32 1 32 109
371 27 598 67 361 31 15 12 459 37 237 81 152 69 499 58 339 66 162 31 380 5 411 23 311 85 455 81 319 5 349 49 318 48 302 7 187 31 141 5 381 38 430 5 139 77 418 17 471 97 159 75 360 94 132 16 321
372 27 222 38 424 10 102 41 139 37 65 1 313 92 62 98 195 21 324 34 52 56 100 50 229 9 77 3 24 38 241 78 297 49 328 63 375 21 85 47 495 2 13 79 497 81 311 47 375 65 181 98 32 78 48 85 37
373 27 1286 51 210 5 103 8 67 35 357 89 72 99 39 13 303 30 19 79 193 75 59 40 209 17 282 80 329 20 214 38 465 2 399 26 353 59 341 50 396 40 272 94 327 82 184 80 334 17 445 60 175 62 273 48 433
374 27 923 12 282 98 438 19 415 8 134 81 285 87 81 30 72 45 366 25 345 16 150 56 339 59 18 45 156 23 196 34 302 63 261 25 43 34 343 49 300 18 111 30 423 17 405 18 61 94 285 58 116 62 13 92 23
375 27 517 42 363 55 477 95 248 21 292 7 67 68 236 77 239 71 333 51 219 92 385 2 176 29 46 82 479 32 495 75 220 47 215 30 121 98 30 13 250 35 433 64 51 20 364 91 265 38 261 88 103 13 258 97 230
376 27 1318 64 244 84 31 3 277 26 71 24 178 7 122 55 486 50 474 41 475 13 453 94 127 36 160 19 198 97 40 20 44 89 13 66 483 28 145 64 401 29 104 47 24 73 369 78 72 75 451 80 218 79 414 43 392
377 27 845 47 252 64 442 7 117 28 376 80 270 49 235 59 106 38 232 63 424 36 67 25 96 12 61 61 257 12 48 1 291 62 473 66 14 5 13 87 307 40 308 29 494 11 338 16 484 2 322 63 344 20 22 47 482
378 27 1222 56 128 56 471 83 245 83 135 46 149 10 420 22 252 61 372 12 306 95 262 16 288 7 310 74 360 37 197 46 220 63 73 86 405 90 343 13 369 10 410 16 405 40 330 89 53 64 61 70 75 11 90 18 140
379 27 1178 39 99 79 303 45 91 4 48 72 384 6 119 19 378 96 15 54 490 41 214 1 403 59 237 18 383 85 242 80 186 36 366 80 461 3 265 40 171 25 237 65 104 61 69 25 328 9 469 2 498 79 235 81 366
380 27 1329 10 174 32 71 69 172 70 412 85 299 12 389 43 90 74 205 23 217 84 231 24 426 92 307 94 229 59 499 61 288 91 144 72 369 3 245 29 283 53 209 17 199 62 314 34 414 51 235 4 294 99 194 70 482
381 27 785 59 467 79 281 90 477 6 207 43 40 37 305 99 309 77 191 28 242 8 299 50 284 38 255 10 425 18 468 62 106 93 126 39 172 78 331 94 345 57 66 7 97 30 231 20 43 31 103 12 415 68 121 83 411
382 27 1207 87 314 60 341 43 47 81 283 65 462 78 44 87 85 76 50 65 417 24 211 64 98 58 193 53 17 9 166 92 128 8 320 79 273 20 494 30 420 76 212 56 139 34 125 23 199 14 3 55 297 69 271 65 464
383 27 706 14 9 47 109 35 388 18 120 61 169 76 21 40 444 3 312 48 24 77 154 54 229 1 477 70 317 87 291 46 103 32 141 67 443 20 428 15 41 81 238 46 359 64 196 58 272 3 341 90 110 88 51 28 346
384 27 287 35 394 88 480 57 145 50 243 9 226 62 164 70 194 79 474 49 198 60 302 31 475 81 7 55 37 62 196 27 227 7 179 60 446 4 147 47 53 82 175 51 58 74 182 21 302 72 85 24 235 43 135 95 301
385 27 63 18 348 65 57 82 477 23 331 87 458 86 478 72 226 59 368 57 78 81 34 2 182 84 286 21 42 15 269 57 459 46 186 74 304 74 374 63 449 22 5 60 192 32 212 20 195 11 438 91 244 67 474 13 210
386 27 909 86 26 65 9 20 216 13 17 71 54 25 132 34 354 21 352 48 143 92 199 1 144 6 134 15 38 17 86 58 134 66 400 80 204 88 355 26 281 80 247 11 3 90 336 20 470 64 333 14 383 84 219 4 224
387 27 983 84 245 62 371 21 117 22 466 15 246 69 418 73 413 80 344 9 211 74 179 18 324 61 470 89 55 24 274 45 414 1 360 26 208 71 366 19 290 95 112 67 235 46 24 34 269 52 411 57 54 3 29 87 149
388 27 1157 24 186 81 335 81 233 20 297 54 348 6 480 66 70 54 166 51 463 23 80 54 372 18 324 15 366 7 147 97 9 61 18 93 285 46 96 60 331 83 226 36 280 16 208 83 213 74 145 87 38 95 122 95 432
389 27 189 64 271 53 399 2 170 31 249 49 138 9 140 44 268 2 336 97 325 92 322 91 457 46 98 77 24 19 347 68 339 59 160 84 209 24 227 71 387 89 345 39 5 18 159 43 269 29 299 60 140 32 366 59 119
390 27 1070 90 119 71 482 8 34 51 439 41 58 45 49 32 22 50 118 2 260 60 376 14 245 98 429 48 54 46 145 73 393 19 83 88 498 37 491 99 155 52 318 4 133 42 246 58 308 62 396 6 244 63 180 20 4
391 27 145 70 200 91 327 7 334 76 413 28 65 32 370 87 40 64 264 90 172 22 200 66 245 33 6 71 462 96 16 45 178 25 408 34 2 17 321 68 18 51 362 29 290 77 244 2 260 1 160 14 13 22 290 99 358
392 27 332 2 159 65 240 45 66 3 396 90 179 65 284 90 272 33 75 83 247 76 52 32 238 24 296 30 362 36 102 18 456 15 170 78 422 64 423 5 365 26 317 66 147 16 481 42 364 76 422 32 369 74 272 33 32
393 27 121 58 346 13 152 98 436 75 165 44 306 78 377 90 172 80 298 13 298 69 55 22 386 7 364 82 477 73 80 52 437 31 414 35 308 92 332 11 253 46 214 77 370 94 283 24 449 66 64 76 107 67 201 59 373
394 27 1372 17 254 42 129 61 47 37 41 21 354 76 246 12 445 52 154 98 494 77 59 13 442 53 226 58 486 94 346 61 189 95 207 34 268 67 206 35 392 87 52 92 52 34 436 62 473 14 204 89 171 75 119 50 424
395 27 947 7 194 14 260 37 268 66 204 27 464 38 78 52 344 58 159 32 414 75 208 37 311 97 7 67 382 34 234 74 478 29 75 80 417 71 1 65 86 49 452 56 291 69 386 18 35 74 57 49 277 99 173 16 223
396 27 464 19 49 57 440 36 326 72 409 63 333 49 393 59 406 53 258 61 364 47 490 61 344 88 378 23 277 45 57 5 298 38 221 96 276 42 101 79 240 78 157 80 225 80 86 38 481 17 101 77 250 21 236 65 363
397 27 1380 22 447 29 21 10 122 68 221 29 234 37 424 35 285 81 115 38 369 54 172 92 258 27 102 43 195 45 467 63 321 92 33 22 490 15 27 7 393 53 386 47 402 82 45 62 258 69 290 77 132 35 103 36 390
398 27 1137 44 6 53 437 85 75 1 404 59 207 81 418 14 446 72 292 28 410 32 180 31 22 89 151 46 252 68 479 38 301 40 105 33 181 13 84 76 105 27 190 20 17 90 152 85 472 24 320 88 35 12 130 4 93
399 27 1190 72 266 85 103 56 172 5 83 89 480 42 97 45 321 13 468 29 473 77 74 1 290 27 452 64 65 8 414 39 234 83 287 16 107 2 334 23 35 72 488 90 360 12 268 46 399 68 19 23 139 92 183 18 221
400 27 129 20 90 32 476 69 72 48 245 2 396 72 54 95 216 98 454 45 302 46 128 72 373 51 361 61 168 90 292 50 140 37 130 70 23 78 358 14 153 11 300 46 472 46 214 52 252 32 147 3 132 40 28 63 179
401 27 1230 58 386 44 310 79 307 20 165 6 157 5 118 38 154 25 5 15 120 40 156 18 255 19 235 28 176 36 301 59 267 20 383 11 321 53 203 75 488 34 2 20 26 5 114 5 40 74 61 42 35 14 330 55 468
402 27 1033 73 2 96 422 8 162 43 159 60 144 76 440 53 25 74 156 55 270 21 324 16 70 97 274 71 325 26 469 16 296 82 176 94 129 56 237 85 81 65 334 66 185 19 485 7 496 34 164 89 164 75 127 99 471
403 27 208 19 447 26 8 29 436 69 129 76 221 26 366 97 293 99 361 36 36 13 7 16 494 65 257 20 364 87 181 45 352 46 309 83 188 31 240 6 440 52 215 73 68 86 129 83 214 10 182 62 321 39 485 6 80
404 27 1020 35 231 26 424 82 253 95 338 84 260 26 296 36 180 52 222 64 404 16 378 63 469 40 223 39 7 29 497 2 400 12 359 42 14 32 458 74 260 51 443 40 376 26 302 80 7 43 181 59 133 82 87 39 445
405 27 1245 87 328 67 284 71 14 66 55 12 119 69 411 51 390 2 62 6 87 98 6 67 474 71 60 51 423 35 73 11 61 78 175 62 357 20 469 52 128 25 364 1 302 28 265 55 120 31 1 89 444 34 45 81 7
406 27 162 56 76 51 107 52 168 90 35 48 71 43 347 46 292 85 155 45 173 94 260 3 461 70 132 40 131 66 43 47 297 85 307 71 269 81 317 52 412 19 158 78 366 31 480 48 462 30 420 86 212 10 253 2 217
407 27 248 39 132 95 301 81 277 82 201 32 109 8 124 88 305 3 209 54 23 14 88 44 346 95 265 94 477 94 418 84 275 72 65 71 456 5 476 72 76 75 152 75 264 16 373 5 163 18 495 37 229 51 176 4 477
408 27 662 12 50 7 56 33 209 31 358 93 462 58 102 31 40 38 347 35 201 34 53 2 52 45 133 89 388 63 125 86 272 51 209 64 104 17 69 41 217 48 320 25 115 81 162 60 368 77 147 45 114 80 230 48 184
409 27 1120 42 439 87 277 33 116 92 50 32 52 7 385 75 99 34 278 95 250 63 464 7 158 89 140 27 495 17 240 61 367 34 379 81 409 60 98 42 120 2 196 55 376 1 314 81 369 3 18 42 242 38 223 7 467
410 27 571 17 484 77 419 25 350 46 115 67 172 37 36 70 425 25 160 37 194 7 345 72 252 30 366 93 493 26 221 98 220 68 60 73 6 29 166 96 453 61 38 21 269 69 494 4 98 97 176 58 63 98 38 87 131
411 27 296 79 244 84 311 5 169 18 212 33 5 27 379 30 496 6 252 82 331 7 31 70 344 61 437 87 102 69 134 67 19 33 3 62 272 45 425 57 353 70 107 48 171 60 68 79 223 28 363 62 78 21 479 72 180
412 27 429 33 285 51 113 16 138 49 446 90 450 14 235 53 455 91 338 85 135 19 487 53 366 69 271 51 276 22 29 59 88 82 175 48 308 73 315 87 390 8 165 96 31 87 169 91 71 28 454 65 14 42 44 62 275
413 27 153 58 7 93 72 36 435 83 240 89 336 4 301 80 144 75 27 25 28 43 62 36 476 13 431 14 61 1 226 71 316 40 474 64 147 21 458 27 203 6 310 84 441 94 140 39 352 94 378 99 365 40 237 53 442
414 27 695 37 157 36 456 84 281 91 303 95 68 19 288 72 349 68 20 10 175 67 385 9 193 72 190 8 282 76 406 52 342 52 476 23 390 42 26 44 18 74 263 6 389 27 267 94 152 4 421 90 262 59 202 10 447
415 27 1310 20 332 72 488 26 360 34 246 34 360 65 185 34 333 71 96 97 7 63 81 23 316 62 398 83 125 13 303 55 429 85 321 57 406 47 22 94 379 15 402 42 207 31 287 28 355 79 182 91 323 15 310 62 178
416 27 159 16 181 7 190 19 324 56 41 37 456 80 66 48 40 17 58 23 352 99 205 33 397 88 316 10 125 51 358 65 326 59 47 66 476 96 134 64 215 32 305 68 250 19 315 68 368 35 462 1 159 87 19 56 327
417 27 1152 8 199 14 191 44 438 94 211 28 190 54 318 10 387 47 210 5 89 7 230 9 258 91 166 17 466 98 94 95 57 7 29 27 54 26 396 72 227 70 388 80 71 64 241 74 280 2 323 70 160 43 74 32 31
418 27 662 43 387 82 265 30 111 34 101 92 443 61 308 29 486 69 24 3 372 75 464 38 357 62 109 20 304 79 415 57 38 41 279 86 492 73 497 78 278 35 440 41 78 98 197 53 369 90 399 53 23 78 492 98 99
419 27 1388 19 453 76 135 76 101 11 248 99 77 38 199 82 466 92 150 19 70 77 224 28 68 78 410 43 387 36 365 51 259 36 146 7 227 43 187 9 121 97 55 92 65 38 118 85 47 65 9 98 122 69 174 11 261
420 27 1055 67 69 59 444 71 135 32 425 83 410 16 439 66 133 82 464 60 23 74 3 23 318 19 119 68 145 48 101 75 310 98 51 5 412 58 337 65 342 40 19 92 56 51 340 65 221 18 106 25 270 63 328 39 123
421 27 1036 10 205 4 119 37 364 92 467 61 101 91 72 19 177 68 369 50 236 44 224 39 332 57 275 74 373 54 273 29 430 87 440 19 139 56 253 67 476 80 166 99 303 31 26 20 462 6 180 91 324 94 209 60 221
422 27 748 65 253 41 448 5 214 53 51 75 154 22 22 64 267 57 2 19 119 3 351 83 419 9 225 60 264 9 211 19 215 82 124 62 384 40 9 89 433 72 262 69 445 6 266 28 266 42 444 24 442 78 458 59 11
423 27 328 69 297 57 169 46 290 93 459 51 42 96 123 31 454 23 470 28 442 50 276 94 303 53 286 35 141 49 277 52 446 39 135 53 166 95 494 76 175 88 73 91 337 45 84 40 405 20 347 67 258 52 493 21 404
424 27 1048 67 209 87 264 89 201 7 234 71 416 76 64 76 76 97 23 55 340 63 116 89 79 98 417 35 402 23 250 95 323 85 446 87 133 71 8 39 44 4 60 69 190 79 433 91 26 38 421 95 54 7 215 46 409
425 27 76 57 417 82 408 55 20 39 416 91 322 6 67 91 32 51 436 58 356 15 275 56 83 86 69 62 474 2 298 65 28 72 173 10 65 70 487 48 39 66 380 11 2 33 471 50 472 22 335 73 312 22 110 13 1
426 27 1304 6 334 18 237 91 28 61 104 40 154 54 331 17 231 52 483 10 51 11 496 96 398 39 429 19 9 78 41 17 111 14 205 32 285 95 470 96 440 98 86 40 156 91 464 27 374 20 430 56 2 97 363 37 413
427 27 577 47 257 92 411 77 155 26 7 44 38 76 335 34 422 58 439 22 163 59 179 71 101 85 297 41 393 50 455 60 41 63 117 28 338 37 64 89 126 53 279 69 390 17 474 95 420 45 488 91 87 8 15 89 87
428 27 271 75 316 43 307 56 496 67 375 55 47 29 305 26 495 52 264 52 151 49 343 14 298 73 83 8 347 87 321 98 30 20 355 29 179 72 467 38 354 63 308 48 357 66 211 48 233 18 238 33 283 85 54 36 46
429 27 652 15 406 47 60 66 250 76 204 73 333 48 427 59 3 3 104 9 8 11 362 42 338 2 280 75 364 41 241 3 264 41 462 21 106 62 431 43 383 60 446 42 218 30 169 26 367 35 192 32 402 35 57 14 370
430 27 1020 81 196 40 157 57 151 10 97 3 103 34 93 70 254 21 267 32 376 83 214 22 433 11 119 27 17 4 383 2 493 54 359 82 199 98 67 75 379 90 486 71 413 51 131 96 161 34 342 23 136 52 155 60 210
431 27 937 97 243 82 462 74 7 63 300 82 474 45 134 36 76 82 433 31 369 20 89 46 483 69 261 31 446 44 16 5 478 72 59 62 277 14 101 22 351 35 490 84 276 66 164 62 436 66 369 31 264 52 220 76 238
432 27 320 12 122 11 21 57 217 95 111 87 481 92 365 37 213 38 40 97 60 5 272 75 96 10 126 14 439 91 348 97 267 26 239 14 342 49 117 90 84 65 114 80 111 1 289 23 457 97 456 38 69 91 382 97 116
433 27 1340 4 171 69 99 41 485 88 99 37 252 46 117 93 287 41 335 76 318 51 51 89 372 81 184 12 217 65 318 52 414 40 21 37 435 94 125 80 232 10 224 63 218 89 382 58 44 8 318 26 127 56 66 45 492
434 27 632 84 203 94 290 79 327 72 439 4 161 85 160 52 405 89 172 2 64 49 235 35 380 87 406 79 58 11 410 7 416 34 130 7 72 65 13 64 253 88 402 44 368 2 250 28 101 41 228 6 451 61 16 61 390
435 27 616 53 418 19 359 72 183 62 330 2 163 77 96 26 322 41 227 18 395 24 77 71 368 4 31 52 470 15 135 54 178 66 135 10 307 65 238 23 54 85 135 56 48 90 239 82 116 91 381 2 485 24 56 32 287
436 27 954 21 239 3 400 20 491 26 412 88 245 41 402 7 437 31 452 19 103 32 158 16 5 16 253 23 334 97 264 84 412 34 318 49 405 81 202 36 192 88 470 12 210 3 341 27 424 41 40 60 407 36 305 27 340
437 27 904 51 261 99 247 37 31 2 377 31 296 32 5 69 434 46 474 40 90 97 102 24 168 42 241 2 368 45 180 57 240 57 352 24 139 94 290 83 373 7 499 78 260 74 4 47 52 17 392 50 113 35 306 70 486
438 27 1194 23 132 56 71 29 390 26 28 36 320 79 424 88 288 69 475 27 117 65 60 22 141 95 321 75 455 41 381 42 72 18 123 69 132 74 387 94 272 98 45 8 420 22 446 24 460 20 222 46 386 23 423 97 205
439 27 512 15 334 53 217 69 55 41 11 21 54 7 104 71 50 59 463 70 290 39 28 56 262 55 405 10 266 29 293 56 457 12 206 4 354 90 259 51 69 27 287 45 265 60 24 27 269 2 118 51 169 80 397 11 485
440 27 876 69 182 51 430 55 25 56 17 39 400 62 400 95 373 64 25 21 354 90 448 92 252 92 218 62 110 97 132 75 87 17 161 13 409 51 486 60 129 5 244 85 313 46 105 36 192 9 111 49 359 83 73 69 71
441 27 315 84 406 87 453 65 5 80 258 9 436 17 57 88 206 51 323 11 121 52 466 38 185 72 463 33 268 88 366 13 140 56 403 14 135 55 36 28 341 82 45 12 447 39 329 44 447 85 331 20 184 18 427 67 261
442 27 1210 85 468 58 124 50 456 65 472 33 467 79 211 36 374 88 316 37 127 48 137 49 340 7 106 7 377 73 162 32 68 35 425 60 462 1 391 81 285 81 169 7 135 2 213 86 270 43 68 79 201 97 75 38 410
443 27 547 94 326 15 396 42 45 74 162 82 349 89 235 67 344 69 101 96 267 77 391 4 494 59 346 91 383 79 378 19 101 12 139 48 219 19 364 68 60 51 227 92 395 95 318 54 498 18 142 98 131 22 86 78 318
444 27 717 72 302 24 286 59 341 80 282 96 130 77 338 78 51 76 62 13 39 35 156 94 99 8 416 61 158 85 284 83 33 4 419 28 203 58 56 49 172 28 104 46 431 34 74 38 156 69 468 14 294 94 388 78 361
445 27 204 98 430 28 336 43 95 94 491 14 164 17 30 56 103 98 139 11 479 96 45 55 291 58 140 6 82 89 267 79 317 27 145 87 234 39 183 66 450 56 50 97 229 56 389 37 344 81 214 6 285 47 376 54 400
446 27 636 96 47 17 254 96 275 76 179 6 170 32 451 85 26 93 400 3 277 43 282 59 274 68 453 74 102 72 455 13 342 57 438 25 107 66 287 61 224 86 230 45 253 17 285 75 36 81 487 16 125 10 94 62 144
447 27 580 61 444 16 394 51 371 60 113 5 73 21 393 76 363 75 319 54 403 95 371 62 192 52 347 32 414 22 226 34 410 46 269 94 436 62 229 91 138 43 481 55 402 81 279 73 197 62 426 98 36 34 99 11 191
448 27 1119 25 315 54 89 73 415 73 104 7 382 17 308 47 354 47 126 12 359 53 227 86 474 2 148 54 87 58 344 34 282 60 93 81 148 14 380 82 166 92 359 1 154 82 340 20 106 88 401 32 47 35 261 5 79
449 27 651 40 248 83 152 24 210 32 139 88 29 37 113 1 456 77 422 63 393 51 153 96 454 90 431 44 240 84 400 59 26 48 468 84 167 13 321 85 98 93 458 44 220 81 267 64 241 38 38 22 236 40 115 89 498
450 27 1206 89 230 55 97 71 191 93 22 31 231 47 489 33 200 14 454 57 326 71 370 90 237 92 456 51 169 31 114 93 349 27 221 84 106 80 381 3 381 41 180 61 352 63 366 96 1 56 10 12 23 6 56 39 230
451 27 486 67 483 74 494 69 286 92 14 50 490 48 368 30 290 91 494 11 431 54 371 48 271 34 368 27 144 46 119 84 52 38 115 67 270 51 339 54 31 92 129 18 374 37 84 97 353 10 389 1 158 60 359 49 182
452 27 1393 8 37 95 121 63 15 10 173 94 185 75 303 13 230 23 66 19 290 29 308 67 455 18 316 68 212 7 192 81 280 48 472 33 50 52 51 22 40 48 371 51 85 77 323 35 23 67 124 14 241 73 446 60 359
453 27 582 25 36 35 480 87 341 88 187 67 198 57 400 20 250 52 451 23 332 8 246 60 156 4 153 40 31 26 190 66 80 71 348 11 331 14 132 20 321 25 331 66 410 87 111 23 125 72 86 54 54 26 145 74 112
454 27 788 90 134 37 24 24 300 68 474 93 494 78 449 47 53 48 252 12 66 76 389 5 470 72 274 89 219 94 432 91 255 4 353 34 118 45 306 46 80 35 431 50 459 77 445 61 351 78 74 6 416 81 412 12 483
455 27 830 22 197 19 224 26 361 94 12 38 325 28 221 43 439 2 198 68 93 83 119 10 167 33 148 38 16 24 278 18 383 71 311 14 103 23 25 46 499 38 167 37 166 6 137 35 366 2 178 47 74 62 266 58 404
456 27 1239 59 329 8 457 14 210 46 150 91 476 25 318 40 192 33 354 39 186 96 34 36 329 72 491 36 18 25 339 25 410 67 482 23 21 21 298 86 181 81 71 25 7 58 335 55 368 56 202 75 161 71 467 63 389
457 27 614 92 82 45 444 82 399 47 162 75 356 5 457 55 87 93 428 82 120 99 167 77 144 21 84 25 225 3 51 31 181 66 471 53 241 80 276 72 376 29 432 99 264 64 305 82 423 64 463 29 168 93 431 92 408
458 27 529 21 93 46 2 75 248 96 462 1 290 59 347 94 407 83 349 87 128 22 376 56 38 98 298 71 63 15 310 23 442 16 104 44 477 8 120 52 199 14 416 12 345 75 412 87 162 1 58 44 393 37 10 78 309
459 27 809 69 429 81 302 5 264 31 39 99 132 39 326 25 104 94 492 56 411 90 454 90 235 91 317 75 124 60 58 33 230 6 188 36 282 84 181 92 290 81 370 95 78 97 146 6 485 8 286 19 157 83 425 78 252
460 27 937 73 25 60 250 94 47 32 381 16 385 5 310 25 467 93 187 28 479 33 396 4 269 69 444 29 326 11 281 66 101 68 225 27 362 92 387 79 365 51 406 35 197 50 404 72 63 30 471 25 54 54 422 11 162
461 27 613 46 204 97 458 20 10 69 66 87 197 40 216 86 124 51 355 13 470 99 141 69 483 64 277 57 311 1 460 83 417 20 453 56 109 50 35 88 472 95 3 51 278 6 486 91 302 52 65 87 452 37 450 30 333
462 27 1176 16 23 48 315 85 412 93 278 38 485 92 48 72 499 73 5 33 138 27 162 80 18 67 152 17 146 66 348 80 214 77 61 50 48 37 326 57 126 26 410 42 472 24 51 75 489 11 360 69 396 46 453 77 327
463 27 288 40 102 58 134 94 397 65 205 17 469 40 320 37 34 70 11 10 192 65 371 83 382 30 142 90 2 9 376 79 465 34 160 64 365 14 254 55 486 93 301 15 194 23 301 16 259 66 158 44 158 95 10 19 237
464 27 1125 23 344 76 469 97 332 96 65 41 469 86 174 48 216 19 73 39 470 47 195 80 55 42 410 87 374 5 290 38 432 61 292 67 144 72 326 57 320 70 278 13 249 52 139 28 78 47 309 7 101 86 233 1 478
465 27 1192 18 413 66 499 94 337 97 310 71 4 90 451 13 55 44 188 56 125 68 461 58 9 10 66 20 2 49 494 52 153 8 13 5 201 48 326 99 86 85 81 1 7 24 38 48 52 31 22 2 223 34 458 28 49
466 27 317 70 238 44 25 62 435 85 170 20 47 48 416 16 442 14 82 79 401 16 452 11 146 41 127 39 286 43 416 72 8 74 8 42 207 99 319 65 99 42 85 62 158 1 435 33 240 80 175 18 106 13 192 82 496
467 27 531 49 259 45 374 21 194 83 43 21 384 54 111 70 488 20 62 53 250 90 122 94 352 9 468 93 99 82 413 84 32 23 151 65 465 1 332 87 67 83 364 20 254 47 64 99 255 46 32 76 76 29 233 54 377
468 27 54 66 248 9 318 7 200 73 158 62 358 19 448 55 335 25 62 52 487 19 245 69 13 51 350 32 55 17 379 29 447 5 478 15 96 26 475 5 297 98 85 6 170 76 367 47 155 67 91 21 104 45 379 28 226
469 27 50 1 230 91 75 43 122 9 124 90 215 12 405 46 140 32 41 33 496 63 232 60 159 21 51 10 261 26 7 20 155 79 389 48 60 71 152 9 362 2 494 45 121 52 254 65 61 91 419 66 279 57 207 91 465
470 27 673 1 189 61 406 32 330 25 272 81 75 69 259 2 173 46 259 80 474 57 163 46 308 51 243 58 315 60 280 58 338 68 387 44 159 28 372 50 164 78 94 94 248 31 496 78 36 33 448 87 224 97 215 4 125
471 27 1358 97 133 10 275 55 94 28 261 26 7 81 31 14 74 68 421 5 358 41 155 38 238 54 36 5 41 90 129 28 418 57 409 9 160 17 230 51 9 52 269 75 340 42 310 46 450 46 12 83 108 51 14 21 1
472 27 1333 34 223 52 315 96 70 3 421 24 468 48 61 57 291 44 164 55 97 36 27 80 281 24 474 10 169 3 413 26 246 95 293 27 144 4 344 18 396 91 122 8 425 41 362 76 258 69 371 62 446 78 280 83 183
473 27 985 90 317 24 188 8 321 1 279 44 166 20 324 83 24 35 481 86 480 41 297 17 118 73 276 27 343 92 93 81 193 25 375 4 242 5 392 31 152 93 231 59 338 18 474 68 287 3 310 3 3 50 211 3 447
474 27 1315 47 348 99 230 34 145 50 493 61 39 53 239 41 146 90 167 90 471 83 199 38 357 30 190 80 202 5 474 42 285 34 287 21 249 23 495 80 229 41 4 84 44 71 271 99 69 5 476 5 396 83 422 2 237
475 27 998 41 422 29 172 54 156 4 262 42 124 24 126 52 301 50 232 6 259 75 188 75 468 72 230 52 400 61 442 83 403 72 432 97 310 14 85 22 79 75 103 21 250 25 150 28 216 17 118 22 383 34 5 28 411
476 27 950 60 452 4 68 7 327 79 416 90 65 41 165 95 483 40 92 73 114 75 313 13 418 43 136 93 141 30 82 16 230 36 399 13 194 1 147 38 334 70 308 16 374 29 361 61 438 27 443 78 232 93 176 97 33
477 27 687 78 333 2 166 21 21 75 453 72 48 8 458 55 492 58 380 22 179 42 387 83 403 86 378 30 248 20 27 29 444 90 413 83 167 54 361 50 377 95 127 77 455 46 380 70 51 54 311 44 227 63 276 83 185
478 27 218 2 225 63 154 99 384 50 189 53 21 85 369 80 41 81 282 50 107 49 442 32 132 14 341 29 453 45 187 74 404 57 292 63 283 21 111 89 99 41 52 70 433 38 258 7 144 93 454 78 56 82 232 26 213
479 27 410 5 411 47 162 88 25 52 68 41 354 18 496 12 101 40 324 14 39 86 16 7 10 91 450 61 243 78 315 30 412 56 20 2 282 15 361 85 184 51 216 7 342 74 161 37 295 7 305 62 416 31 45 9 470
480 27 1342 33 203 55 253 16 192 84 331 37 346 67 394 14 413 38 398 1 291 19 421 19 440 3 2 63 346 7 383 62 76 25 389 96 363 22 82 58 93 41 441 81 438 6 380 87 203 92 493 14 462 22 35 32 199
481 27 727 24 340 29 140 66 201 74 397 74 275 40 132 42 442 6 2 57 33 96 429 49 335 73 245 75 105 57 300 37 447 22 299 85 215 43 202 24 279 33 263 86 162 43 241 67 61 75 340 98 238 90 407 46 483
482 27 1247 69 51 15 57 61 203 11 412 41 358 6 84 89 85 81 26 97 354 18 471 46 339 51 266 55 14 52 337 30 50 32 478 7 410 55 223 56 125 86 10 17 473 20 80 32 241 51 455 65 436 21 290 57 128
483 27 675 91 128 68 331 41 15 85 84 66 118 55 9 56 207 99 46 47 54 29 197 49 367 82 484 93 336 74 396 64 292 20 7 73 62 35 429 46 376 74 128 48 225 23 60 64 361 91 196 29 352 28 50 21 192
484 27 1279 71 206 51 489 42 78 65 291 39 162 4 227 35 167 61 144 35 254 91 307 80 151 95 475 3 14 95 343 2 471 15 182 67 389 77 61 29 120 59 319 31 267 7 181 31 86 50 158 23 19 22 158 68 169
485 27 1026 67 19 21 208 62 14 46 385 57 492 68 267 48 189 30 130 62 274 59 409 77 204 37 134 4 378 47 289 47 264 66 271 97 349 71 185 63 393 2 168 8 198 54 319 86 345 61 244 75 126 1 293 52 125
486 27 125 70 127 59 430 46 378 37 229 2 165 95 345 66 76 57 407 7 194 67 254 3 334 34 90 5 312 19 278 74 313 71 221 48 20 21 351 37 51 97 172 90 48 6 375 35 299 18 319 21 47 23 215 90 229
487 27 1000 64 326 58 75 30 36 82 185 98 32 89 134 47 316 54 263 22 387 90 47 94 454 92 235 19 130 27 310 18 194 36 198 8 254 57 136 63 78 35 149 30 410 1 17 13 396 26 28 19 408 99 69 1 408
488 27 1352 56 209 73 105 98 255 15 24 43 28 7 135 96 157 96 145 70 222 44 150 38 193 85 84 33 38 8 432 51 43 9 121 77 268 97 367 96 186 41 431 42 94 86 395 13 172 75 376 23 456 73 163 15 86
489 27 846 1 329 71 74 86 317 94 148 1 222 71 305 21 52 91 110 84 358 76 52 78 214 2 457 91 240 99 184 27 98 47 29 30 49 49 360 68 482 30 383 77 365 37 219 35 322 81 383 71 497 84 336 70 213
490 27 399 88 380 11 176 4 246 4 386 15 435 42 441 33 234 87 476 52 179 54 199 2 292 78 472 71 341 56 468 36 250 75 417 86 235 2 70 28 160 58 56 11 329 48 259 72 46 64 226 63 5 48 220 25 164
491 27 901 66 342 66 372 27 462 11 35 4 259 33 67 9 115 78 272 78 175 18 253 81 94 34 36 79 216 79 250 3 197 4 65 2 312 28 346 36 295 44 434 44 131 45 143 84 139 48 212 78 435 2 345 20 447
492 27 1214 55 301 3 2 37 462 98 384 87 391 5 45 60 285 60 119 60 433 84 148 74 491 29 151 11 463 88 90 17 471 35 65 95 31 83 125 6 420 14 29 49 196 52 173 28 429 74 13 92 392 7 211 54 440
493 27 178 65 53 35 30 4 457 93 228 22 384 28 398 20 365 96 233 32 121 29 203 71 195 35 192 28 330 44 365 19 359 26 460 49 182 34 81 2 273 59 161 3 282 32 39 86 3 46 287 7 120 47 412 7 171
494 27 318 52 104 46 230 30 469 41 1 40 398 78 97 64 444 87 117 5 123 64 131 61 483 6 380 9 412 59 231 64 75 75 152 79 299 61 256 74 154 39 344 48 24 97 305 60 256 27 150 37 199 59 379 4 25
495 27 989 27 252 31 235 31 168 93 470 72 441 4 205 78 397 74 117 23 444 71 27 77 360 57 48 1 383 67 117 93 196 84 35 7 297 98 53 42 199 55 482 16 272 32 369 38 3 99 25 68 171 61 131 17 357
496 27 624 57 189 24 442 85 257 78 428 59 143 71 279 28 150 3 277 80 129 39 164 17 45 70 137 35 4 68 474 57 432 50 363 50 21 84 60 77 279 45 481 58 495 60 15 34 282 35 133 37 149 28 463 71 309
497 27 59 82 35 48 61 30 390 22 472 41 34 54 321 94 330 72 363 51 157 36 193 55 178 32 434 46 264 79 205 49 97 64 127 29 264 82 373 5 387 37 8 88 73 76 461 53 246 84 403 98 163 41 329 15 126
498 27 804 67 106 7 38 43 444 11 380 2 497 66 56 4 353 29 80 69 468 86 387 97 131 16 424 39 143 81 85 94 12 67 377 24 240 36 397 15 30 20 158 6 284 33 51 22 250 1 279 96 179 13 393 59 12
499 27 393 53 233 88 342 75 324 96 370 71 236 35 486 88 213 57 231 93 160 10 128 14 392 83 160 34 147 32 203 66 341 27 296 2 359 48 34 54 17 90 482 4 468 63 233 39 401 73 142 37 251 78 60 55 478
